Id,Predicted
0,3136.4622141709497
1,2743.139219138041
2,3537.3242151039904
3,1994.6695557334472
4,2551.457707125341
5,2108.473660528275
6,2183.6886194314407
7,3375.8277075983874
8,2630.073945795414
9,4105.436276832791
10,2083.5583275702056
11,2772.074667202561
12,2830.470171672782
13,2599.230622867437
14,2318.4352364508986
15,2560.749892167315
16,1974.8404201938047
17,2577.9070576747517
18,2409.8948041118165
19,2798.600205680889
20,1831.1809273390736
21,2821.1171113531173
22,2372.004608021986
23,2935.33946240713
24,3075.0388739049554
25,1987.6132900198595
26,2465.3858260528914
27,2455.10626771344
28,2330.9563375960624
29,3229.335426917515
30,3126.004873628968
31,2484.7045151683237
32,2339.491974713761
33,2441.644157987857
34,1917.5326428983012
35,2122.0788583096137
36,1513.3593126898895
37,2543.3291382390144
38,2891.836889571684
39,2958.830519102131
40,2017.656813003724
41,2972.711579607315
42,2899.687416359153
43,2879.3867238636485
44,1856.627205864013
45,3237.42198177467
46,2315.426368573927
47,2402.8922047048227
48,2088.626906940515
49,1902.5364378511908
50,1897.6250925815327
51,2749.47459846752
52,2467.12758417838
53,1734.324721162207
54,1909.9871093521895
55,3406.5093162411877
56,2929.384663045098
57,3108.829255360456
58,2117.0392210653
59,2854.2696290064414
60,2342.5968102400752
61,2413.0622729681745
62,2875.2532584957708
63,2347.3062831708194
64,2737.5076822179217
65,2860.9316305436687
66,2571.547536659868
67,2525.803898424941
68,2459.0299631378184
69,2690.4566313004143
70,1651.0558351375657
71,2144.26209505752
72,2819.154361019986
73,2080.5176137146573
74,2662.2388854109017
75,2972.313625219709
76,2012.4626180691348
77,2163.657874651704
78,3230.845233749064
79,2639.7069118783907
80,2768.4889503929676
81,2568.106701370359
82,3321.913223839866
83,2284.450185796572
84,2367.9431934547215
85,2474.8242126413743
86,3183.9840500752125
87,2329.594223880075
88,2027.9485446102367
89,2494.651501741583
90,2789.146890507816
91,2396.830128925904
92,2651.946986884952
93,1952.1631514246906
94,4135.951334288862
95,2448.8287291604847
96,2717.9206474913544
97,2160.325399374038
98,2616.8520114149924
99,2471.8971436289094
100,2759.8808589678356
101,3135.147210750547
102,2774.3585005283967
103,3397.659943946951
104,2319.584391220692
105,4202.9034986780225
106,1884.9613344494358
107,2182.3032663079002
108,3009.141725632222
109,2477.05657551172
110,1580.483671189249
111,2124.8670106336776
112,3859.932229957667
113,2267.4493399281964
114,1994.8055202650387
115,2074.232817359056
116,2120.616341182528
117,2438.7834374405074
118,2365.8574362953605
119,2060.6342469018996
120,3268.453875900257
121,2644.389919673775
122,3787.214522643851
123,2642.604060287019
124,2430.0225815114004
125,2982.5820433771014
126,2539.9284512623312
127,1968.6413246776578
128,2669.0243924422693
129,3176.0433539140377
130,4245.874627033064
131,1853.0199790655704
132,3457.633290030873
133,3171.6185820583282
134,2593.293781032658
135,2023.2511133388705
136,3268.453875900257
137,2933.459666243595
138,2428.9377092877407
139,2044.0392352632352
140,3051.2375393974817
141,3535.2226702177345
142,1896.1956477955127
143,2656.176610545864
144,3167.9813573443366
145,2299.8315483134434
146,2745.8342940225957
147,2429.4191880888125
148,2516.0884336190366
149,2434.1476152075466
150,3292.6434116448863
151,2781.895188339765
152,3311.52987049463
153,3573.8761077867853
154,2130.536425777888
155,3158.742338884914
156,2212.1850811630648
157,2935.8162636727775
158,3173.847467217726
159,3281.8316616096326
160,2654.176641456005
161,2328.53162865612
162,2331.259119921783
163,3171.843838451588
164,2810.840198854336
165,2126.447078770049
166,3234.827274980679
167,1928.7505361662054
168,2919.4538017067944
169,2586.632840888769
170,1932.7018670530053
171,2357.448231336768
172,2433.3955056650693
173,2446.0430610206163
174,2339.8862715438563
175,2458.7050392365873
176,3221.564441095884
177,3235.263520268606
178,2098.8851304676773
179,2257.6260999866986
180,2293.1142382331377
181,4040.5582089128748
182,2603.0503106420274
183,2550.1342081256594
184,4196.691259445493
185,2407.0783253166146
186,2162.761004936485
187,2346.623589723017
188,2910.1973370615483
189,2209.7857823634504
190,3491.839662222821
191,2216.1049669586973
192,2884.0901110109367
193,4144.275204938008
194,2632.2274703363873
195,2730.9882576276996
196,3226.5118800672885
197,1980.2763211343606
198,3513.4582988891702
199,2957.1606480256437
200,2708.132324092638
201,2304.745514811826
202,2069.6435612702635
203,2220.950574823023
204,1858.3373679884792
205,2616.3368834288885
206,2746.8977177752276
207,2072.699785481232
208,3720.152901597474
209,2179.216794499165
210,2534.6948039748945
211,2564.8433917171797
212,2446.4186400980416
213,3656.2235903072915
214,2116.0770970732824
215,2404.1965136275558
216,3043.995388417262
217,2469.6183359439333
218,2148.4914221848867
219,2027.4845706128253
220,2756.0356994627527
221,2150.4747573659015
222,2464.356549269529
223,2664.29376185365
224,1732.252099098887
225,2375.4748554561984
226,2262.4522716843676
227,2453.9053744332887
228,3404.5035799529746
229,2697.9942446422046
230,2002.2854466003719
231,3222.1555758804507
232,3383.560043567571
233,3016.3788819469783
234,2457.4046097788328
235,2084.2044443797586
236,2122.7166763530577
237,3099.090853326503
238,2613.927291859287
239,2901.5967390119586
240,3074.5817268139704
241,2380.4059071409924
242,2652.5650291944385
243,2596.28261477407
244,2669.777560698227
245,2872.4740044543078
246,3080.3951611888338
247,2474.655951056304
248,3439.8109130267108
249,3373.7266500026963
250,2705.6621508719245
251,1962.3125919715217
252,3731.0872684327865
253,2865.529957258408
254,2363.961066007408
255,2376.8678526613253
256,2262.5440700327986
257,1955.9224161593456
258,2096.064414518699
259,2441.6479955366485
260,2191.592087543072
261,2236.8810826861118
262,3440.670912123552
263,2161.0139460973455
264,2282.2229702525956
265,3236.688020059537
266,2552.9320594774385
267,2763.323342360754
268,1970.8668387410694
269,2234.717632361957
270,2765.051715641426
271,2402.9553341994456
272,2202.3089722579098
273,2395.50532405877
274,2108.550604739482
275,3048.000724328333
276,2434.392687629149
277,2539.3578576863165
278,3750.6099009205623
279,2220.4520720223254
280,3733.8307415716868
281,2445.883030526751
282,2709.523531374002
283,3419.577292088963
284,1366.647191752863
285,3232.1355741107873
286,2565.0051955540966
287,2295.593221426946
288,2563.145571097418
289,3388.4157469797774
290,2281.5029285331852
291,2597.274072465457
292,1857.4706920017238
293,4760.541578908442
294,2629.091527178598
295,3310.9997539185124
296,3628.2230356310656
297,1862.1947089768078
298,2560.9265451124616
299,2383.3588809014145
300,4145.372945174112
301,2062.3171824343017
302,2053.810392086785
303,2875.0627035877424
304,1919.1174454552174
305,2232.8604397774006
306,2513.389996726528
307,2310.0563354071282
308,2228.1543844570097
309,2045.9622638370734
310,3461.2047076326035
311,2744.4767265582313
312,2449.677330131264
313,2453.8659970857807
314,2024.0687106774658
315,1850.2552682972323
316,2473.542509953977
317,1960.8920996006793
318,2240.5758559599053
319,2108.248603924417
320,2365.682298454124
321,1938.9745963944133
322,2296.5035498738007
323,3245.9750948230376
324,3023.998715665459
325,2221.8755054584212
326,2476.714516723432
327,3218.5859789029155
328,1751.9295564500858
329,3631.703450378154
330,1804.0786200656785
331,2191.4817390309618
332,1914.3307777361197
333,3421.1379682762945
334,3350.323780039925
335,2859.3804939953766
336,2096.0662386985477
337,2469.4670253942572
338,2668.1166510698367
339,3146.9679948938697
340,2272.9580151612363
341,3022.6979574279335
342,4279.159240293535
343,3406.9368645631084
344,2071.577858719084
345,2160.4399851939743
346,1967.7432303383275
347,1986.7913471871937
348,2319.715393274678
349,3503.0234285561123
350,1660.4847174627876
351,2325.1510009315007
352,2334.3189222596097
353,2106.4687699957567
354,2862.1517911727306
355,2915.4993361636766
356,2590.099317960027
357,2885.105272491053
358,3466.016618986994
359,2422.9874896803553
360,2591.7887424976198
361,2109.387385979525
362,2291.8427336333225
363,3077.5713590852915
364,3573.695562424356
365,2621.3809111465544
366,2602.8148911415324
367,3325.7751510979674
368,3000.2641799850926
369,2469.54881091068
370,1972.1587821335847
371,1848.5605258898677
372,1906.3177461147916
373,2390.677243364421
374,2441.1971343215073
375,2247.8598234226756
376,2442.0449585051397
377,2109.088160218634
378,2706.211292719856
379,2381.243122087586
380,3208.9218519759156
381,2897.09556609412
382,3723.5924517577314
383,2533.7943690423554
384,3609.550032388309
385,3695.8519761441585
386,2128.254951762705
387,2139.722005852125
388,2447.203863913939
389,2258.8806202607943
390,2041.2984929156876
391,2236.170952207206
392,3031.761485864179
393,3480.82816077281
394,2377.9308781523073
395,2080.1456441974133
396,3227.8876027817587
397,2529.0704833488926
398,2386.152090683561
399,2419.8014383858526
400,1878.7451864191423
401,1946.3203484660094
402,3479.012466720472
403,2935.864943578807
404,2041.2756960194547
405,2179.15973039491
406,2224.1953722997346
407,3560.280981710491
408,2206.218072902411
409,3225.1143979175267
410,2862.8391364038707
411,2009.749469138033
412,2533.6710146039004
413,2568.576501310064
414,3199.9489503860905
415,2411.7230083864974
416,1999.8460486972954
417,2228.368709926847
418,2425.133134617599
419,2092.324361776353
420,1876.4271270682448
421,2683.707610911226
422,2240.921396192645
423,2595.4816492659606
424,3334.9425027202165
425,1814.4969537576167
426,2716.94378330771
427,2084.386261314709
428,1808.2156962942024
429,2464.773465226502
430,2580.507846495516
431,1919.0115924004263
432,1984.7297643490965
433,3575.0860702564732
434,2877.414486117288
435,2613.4211780476144
436,2103.6108341924382
437,2057.8121450476356
438,3054.6608164089694
439,1953.2529206983936
440,2890.298774464734
441,3219.3150534736483
442,3455.7748231138603
443,2207.8197300590436
444,3874.613469315155
445,2266.4242598458227
446,2046.5038660692776
447,2362.643272466815
448,2661.4359936871306
449,2794.3833496095376
450,2486.492680784241
451,2796.134875254906
452,2351.1094067558315
453,2752.782258676431
454,2022.4175363014078
455,4229.114566919704
456,2197.6356290969425
457,2827.3523257980223
458,2131.1106894513186
459,2253.271086415434
460,3152.493014816655
461,2150.8807996517617
462,2600.007992698674
463,2517.9317825236117
464,3109.9306015489256
465,2273.3710827708614
466,2480.978738469044
467,2455.4297741871574
468,2283.503762469932
469,2279.232584382606
470,2892.44247577873
471,2368.514138341735
472,3502.30702647381
473,1755.0920132849392
474,2228.7623949085046
475,2156.2450642987988
476,2236.8631873619597
477,2293.556209175609
478,3346.0984064017807
479,1843.1723481925985
480,2547.1689565461147
481,4509.137045089116
482,2204.4319620666265
483,2189.894969007829
484,2487.7054337863415
485,2181.6588442851435
486,3472.566647685519
487,2640.279507258695
488,2525.947277833568
489,4191.090726583466
490,3397.0722779091866
491,2802.993363025422
492,2282.720115105887
493,2074.745749769986
494,2996.2278452558858
495,3318.8786814863292
496,2546.9294130917224
497,2309.9788872213235
498,2565.3663938794143
499,2049.4075891127486
500,2436.1802654328144
501,2080.003019998704
502,2480.992266629633
503,2965.538681621274
504,2564.433749029322
505,2419.4198418757
506,2599.1273338971178
507,2333.164586786485
508,2488.3075255434424
509,3534.394031205136
510,3663.483788800557
511,1732.962864340484
512,3062.420946609843
513,2423.4037624249067
514,2896.2488133332454
515,3366.9783178777097
516,2154.5572785969175
517,2465.1806729442474
518,3190.3662407631673
519,4575.547678183984
520,2034.8224230601109
521,2641.456964210778
522,2317.7786578385694
523,2209.539440430646
524,2241.49635920544
525,1786.3915842337046
526,2645.290450041991
527,2393.1797420072803
528,2562.715702089216
529,2219.1194477740946
530,2455.323929196695
531,3028.9597855275633
532,2250.0340791701146
533,2233.246627657105
534,2257.9848625027344
535,3230.9177617703745
536,1967.8302489617638
537,2611.6130374516933
538,1955.3472744627202
539,2588.840462166281
540,2314.257617354653
541,2536.3008300752545
542,2365.245778778272
543,2612.7855542036914
544,3965.097406094499
545,2552.4589618256723
546,2695.580617469959
547,2077.3533467388293
548,2959.2155862923464
549,2892.370925687879
550,2596.8303070709667
551,2458.660079069706
552,3626.217696356781
553,3273.855998422312
554,2543.0633018802146
555,2873.99749543453
556,1803.3402822079775
557,2328.212506055012
558,3356.1106945944102
559,2010.3089534496303
560,2325.463425155511
561,2477.0731142453315
562,2983.0303984441166
563,2722.1146940937106
564,2136.322861215424
565,2069.2361027946495
566,1955.02463671665
567,2268.3291084055236
568,2487.268263341342
569,2413.930150922786
570,2487.0866325684756
571,2543.28235994033
572,2678.528508547667
573,2609.0165265113983
574,2032.643361466472
575,1844.9967415359083
576,2047.904014460969
577,2303.358088044014
578,2567.4127943260783
579,3406.1211966851088
580,2279.0491813103
581,2300.9188960579672
582,2167.679545019845
583,4061.209855509722
584,2359.878830844905
585,2124.8879141233288
586,2037.2715954884695
587,2981.602821262948
588,2070.586287805986
589,2555.0724846783805
590,2828.4737462470357
591,2123.0362384504992
592,3456.237299603631
593,3018.8717917313684
594,2132.0463177258243
595,2110.334580603167
596,2187.175514097262
597,2794.6965819053835
598,2050.789145192004
599,2300.922999586492
600,2109.560179976239
601,2542.8075565449417
602,3602.6168329242428
603,2014.372756101093
604,2506.2108441942783
605,2477.0219641798453
606,2287.4845955805786
607,2609.8343696749134
608,2629.0904265538466
609,3772.548160664993
610,2660.502856794133
611,2536.172967032914
612,2678.300187871503
613,3309.7311919513313
614,2212.793947017621
615,2116.325759530698
616,2626.483335656101
617,3500.221390283975
618,1804.4619208216354
619,1989.5968006337228
620,2011.7538929610241
621,1976.003582364397
622,2371.6352465092536
623,2212.972432797999
624,2209.395698400926
625,1980.8901170757154
626,2152.8902163984994
627,1856.6946830527672
628,2118.2634345392944
629,1970.9324524288659
630,2334.5956857715137
631,2981.174091738856
632,2599.022771784518
633,2535.2733963195606
634,2190.1561470470297
635,2601.1721597925234
636,2305.002530330021
637,2854.3477957831105
638,3071.7729287643456
639,2106.9373735299
640,2809.9201474954034
641,2516.631012861325
642,1972.4485941798398
643,2669.758113852925
644,1632.2745477220399
645,2335.620326563744
646,1888.233331023239
647,1993.6526980596686
648,3091.8256634525615
649,2723.0003521353183
650,2363.9195392704914
651,3425.3380894025504
652,3590.5346492635445
653,2380.243814472936
654,2167.5073340520844
655,2641.7703650609724
656,2057.348288141539
657,3552.9770016165
658,1954.9870407498852
659,2712.9101646448225
660,2542.0780134429942
661,2349.243098028629
662,3250.718683376248
663,3648.5959884984522
664,3398.0009580044725
665,3816.5670889635944
666,2131.498524221254
667,1678.9660801277596
668,2322.312136215283
669,2349.3368356670244
670,2080.1475461044092
671,3033.1820280093743
672,2900.0681726545513
673,2536.731860812288
674,2067.692806160815
675,2407.0241522667616
676,2629.211462437396
677,2973.3356415077233
678,2611.3160376472506
679,2962.5369734235933
680,1928.4452124367645
681,3017.0566109935107
682,2947.8783227091362
683,2906.462089725245
684,2649.8210432051815
685,2280.418621553729
686,2284.2772642973514
687,2298.066987554427
688,2156.2931011120136
689,2439.772148634608
690,2109.878807425884
691,2021.330240878989
692,3415.0642553393773
693,2542.0517291258425
694,3346.2446158127177
695,2180.4581684168415
696,2331.3217394446438
697,2171.5435244733953
698,3170.3938648806206
699,1921.5785335331557
700,2501.323522578393
701,2291.056010335527
702,2723.1000528517134
703,2085.003981538187
704,2997.182602149512
705,1936.9145805151884
706,2547.269583981135
707,2877.3306490493405
708,3894.9594462998657
709,3048.6491495821597
710,2666.5316975142823
711,3204.868558839999
712,2538.6866089263954
713,1934.1298271114022
714,2684.4493797301966
715,3032.5414148894597
716,2134.522089783502
717,3580.3260056234512
718,2558.6283366074827
719,3479.4600580758415
720,2476.1272928558897
721,1826.5695585910676
722,2175.647277225851
723,2461.0723766335136
724,2404.7968366241075
725,3084.431626396473
726,2411.9502037622415
727,2415.583709481317
728,3023.828987012391
729,2734.3967598958398
730,2258.0395309018522
731,3217.703528548125
732,2261.9956030839585
733,2482.33579079954
734,2672.8358999200846
735,1947.1221813680963
736,2341.5102742981267
737,2062.361579436729
738,3387.4351588051313
739,2256.577176034663
740,2277.4287647729097
741,2185.785464847595
742,2845.4895786272773
743,2235.6529397253125
744,2499.9139191750583
745,3308.487980947828
746,3378.4046713005146
747,2573.070624551296
748,2862.776076766896
749,2156.2244365865536
750,3043.8740362374265
751,1902.8628595682499
752,2014.315731387242
753,2978.7334495088853
754,2982.697937379748
755,2361.1435711165136
756,2409.297007200851
757,2936.7428655002686
758,2271.3667307687097
759,2769.6873414154124
760,2366.1223145699764
761,3488.6614961201485
762,1782.0462979919207
763,3407.8325322609235
764,2925.8411313175875
765,1903.2165546438177
766,2593.8159154047034
767,2488.8828170523047
768,3550.087961733577
769,1956.6064404810322
770,2191.839179783097
771,2182.5411754762868
772,1806.8683264418548
773,2287.396667293572
774,3126.0664034281826
775,3585.9482389503764
776,2731.0626276197745
777,3067.3944324510394
778,2218.41551150869
779,2395.533116154443
780,2393.1143497955027
781,3225.876373996017
782,2629.6978009710056
783,2200.329684048301
784,2479.819531403348
785,2843.2475832202317
786,3116.287472247364
787,2327.0273194446795
788,2865.0902040912038
789,2490.335142781974
790,3036.269217237409
791,3087.229256423617
792,2269.7900993026333
793,3648.061355804954
794,3172.918960434005
795,2869.2541621712917
796,3150.403117133571
797,3255.190495472439
798,2705.3610557711754
799,2277.596289062906
800,2636.821881460962
801,2216.3903465660833
802,2436.751852347983
803,3107.3866681727313
804,1926.3314397767815
805,1867.4637779346588
806,1851.8467765729388
807,2197.5242745754485
808,2019.3237806097427
809,3770.691127230467
810,2617.2404209857573
811,2237.904243811127
812,2179.962553781337
813,2445.840175782344
814,2578.091934065361
815,2081.506558901919
816,2099.96055932564
817,2875.7406386717385
818,2991.6554518252597
819,2690.9395176905377
820,3265.9085102043227
821,2365.845076242188
822,2276.6291234118053
823,2509.3913399023054
824,1929.3642537484188
825,2092.6596672644832
826,2284.898374557537
827,2611.980820749526
828,3615.172150847111
829,2212.4420800842463
830,2550.345122878184
831,2350.670927346547
832,2878.1363960978456
833,3406.907515138055
834,3480.7398977110715
835,2294.8967366329152
836,3503.7020082850813
837,3522.80741027081
838,2796.7595664222927
839,3252.0285383285
840,3146.885678166189
841,3200.176786674207
842,3032.2519162008293
843,2000.0236727661568
844,2742.7615619845346
845,2403.765636622403
846,1638.3214950294196
847,2634.9583240243587
848,2074.8181778746143
849,1840.5553964132873
850,2957.556382546387
851,3268.781238187138
852,2410.9558477959995
853,2757.0944096533945
854,3218.136876138167
855,2172.9004957500683
856,1639.6348770458312
857,2751.8697846654245
858,2327.069587480767
859,2471.2027042404416
860,2429.21840821399
861,2183.32566856113
862,2352.9704484207045
863,2416.493273402426
864,1964.9306653720946
865,3867.1906277367043
866,3036.9180480635387
867,2187.963131692708
868,2490.2464014034113
869,2711.406121388958
870,2713.282607113959
871,2242.0296277641737
872,2610.5124920830776
873,2571.0890426683463
874,2061.795997996149
875,2312.9145128434957
876,2805.864102179664
877,2892.539140886446
878,2862.6086618681557
879,3081.961908126046
880,2150.879749761428
881,3108.622156229617
882,4066.201357085592
883,2020.412125984606
884,3097.481119070113
885,2306.2060324063327
886,1966.3919686109816
887,2400.8463616154695
888,2657.254484024746
889,2682.772687930325
890,2960.0736870248593
891,2043.8076665195813
892,2634.364426983752
893,2964.8723122532683
894,3401.673252404054
895,2096.982992822778
896,3386.2517616230034
897,3396.3827482658785
898,2695.194406971582
899,2504.0783375530964
900,2641.7597953952322
901,2617.985273301628
902,2257.318674483753
903,2710.1918683807544
904,2797.844057350786
905,2123.70165576825
906,1932.286865798727
907,2161.3002808525225
908,2367.251643249886
909,3353.7683233968073
910,3433.6773333053725
911,2453.4142640645678
912,1857.51660791616
913,2247.767821832941
914,3090.392489221591
915,2589.1119337977334
916,2291.2843589385843
917,2212.550501097539
918,2771.5758099998093
919,1996.9638264388818
920,2462.7179628176364
921,2889.094253800042
922,2100.5981229560216
923,2507.925818061282
924,2371.237655357856
925,2379.0337983328054
926,3399.971915468566
927,2661.232443179373
928,2474.160647005269
929,1982.3223118715748
930,2645.9773982812408
931,2249.7253013403288
932,2955.6823240422955
933,1934.8208223195143
934,2936.278034300111
935,2211.416367186627
936,3216.9486496737504
937,2302.287842132369
938,2018.295228889144
939,1795.0948437748405
940,2475.6498835079765
941,1903.1768505503499
942,2034.9214004360597
943,2316.7683799863917
944,2276.4094863332302
945,2146.4267929229222
946,2303.956468470301
947,2233.3139318426747
948,2395.659151750795
949,2110.493935042359
950,3748.2570379402364
951,1887.2352419034876
952,2163.1590178452743
953,2436.226127385084
954,3106.462201915316
955,2420.9013873955464
956,2870.2324550099493
957,2548.3429748358444
958,2346.696084586549
959,2313.107329158973
960,1945.692269896148
961,2400.6711282663136
962,3195.8800729952427
963,2037.8233407840266
964,3394.379578192199
965,2998.242616881147
966,3494.915304894951
967,2711.2981135392642
968,2772.449041366569
969,2488.31491546481
970,2228.377449083333
971,2184.1936833018026
972,2194.6904751112747
973,1995.7612976831092
974,2055.3263214142216
975,2144.0986159250883
976,1906.3855243350151
977,2446.5447144474506
978,2760.256091401425
979,2173.45832808507
980,2541.1747037285995
981,2290.970946958605
982,2619.0506720143408
983,2745.3999128304167
984,2009.3790397408563
985,2034.9325095542592
986,2276.33641075433
987,2701.583363672322
988,2116.485176369871
989,1988.3522036252455
990,2386.6304036691636
991,2265.269335154722
992,3125.8095063986775
993,3668.6134682985103
994,2421.3381345998578
995,2697.0721517071147
996,2799.547915374849
997,2893.9408265774564
998,3158.1053954627196
999,3582.4409905201746
1000,3347.255956265274
1001,2925.08792045533
1002,3547.823316973686
1003,2503.1581445385386
1004,1872.7074328313108
1005,4763.660714265039
1006,2458.541593471981
1007,2768.24416848082
1008,2797.424328262735
1009,2810.776716363356
1010,2681.367983661029
1011,1982.6115114607296
1012,3664.714106808918
1013,2584.6613180326167
1014,2848.520604906941
1015,3105.1003835971433
1016,2379.620205820226
1017,2388.9228029194974
1018,3218.2949589898385
1019,1820.346425211119
1020,2663.1656555476125
1021,2049.8949245472336
1022,3383.609669034333
1023,2207.5982582026477
1024,2174.004615462683
1025,3751.2902507463564
1026,3519.533920710629
1027,1900.6716291577081
1028,2513.4665695118833
1029,1891.636986908117
1030,1936.8099460148069
1031,2241.797126550844
1032,2331.650448736441
1033,1905.108862378931
1034,2680.588904723104
1035,3473.0035596503594
1036,2079.767856749105
1037,1936.7417673477053
1038,2308.411790245432
1039,2567.7703381858937
1040,3363.238846081325
1041,2042.3717468207262
1042,4076.3990280379167
1043,2390.1754449066093
1044,1981.372370492626
1045,2693.520102127628
1046,2166.5475747183855
1047,2011.3670747255771
1048,2289.514911372754
1049,2123.441901328095
1050,1849.8280167990795
1051,2347.673872127443
1052,2440.3638412520463
1053,2631.252921881308
1054,2291.815792444984
1055,3570.6281686452858
1056,3046.545001998822
1057,3491.26394874246
1058,2700.593721353219
1059,2470.5971796794
1060,2093.772717035945
1061,1998.621616778235
1062,2258.089444465559
1063,2591.214655359397
1064,2539.8000530045074
1065,2677.9064379778274
1066,2214.5452852290287
1067,2104.3277681428626
1068,3490.587208671963
1069,2700.136987295776
1070,1884.726698951972
1071,2673.068552871182
1072,2109.3587730587456
1073,3065.942238993442
1074,4193.872972169955
1075,3581.911549675436
1076,2052.5553125512124
1077,2658.0720720984423
1078,2459.7312906815705
1079,3059.063228628177
1080,2780.499965517429
1081,3493.4415155515167
1082,2089.7214196111204
1083,2061.304701697647
1084,2643.5638745864853
1085,2883.5689310698003
1086,1832.1692080384073
1087,2177.5228850354433
1088,2054.216909974324
1089,2256.789596566231
1090,3006.4094174743377
1091,2371.9590751352966
1092,2470.0293439920424
1093,2675.4316348462553
1094,2505.896718972679
1095,3360.069495569736
1096,2127.0673390314787
1097,3517.047642795137
1098,2338.6400969274905
1099,2848.071745918108
1100,2236.838466212915
1101,3670.667373481389
1102,1848.360984697037
1103,1868.848518292584
1104,2302.6831155728223
1105,2128.3833394047156
1106,3665.2422748268145
1107,1835.0636866880895
1108,3059.8924813328604
1109,2202.6994394958188
1110,2499.0443565001683
1111,2284.967426168666
1112,3155.4014431104206
1113,3022.885292138726
1114,3429.030123428653
1115,2432.7049125886497
1116,2126.836375595013
1117,2113.6333052078344
1118,2170.2981879367057
1119,2896.222603142911
1120,2122.516859139016
1121,2156.987870520208
1122,2248.797353511016
1123,2194.897474850781
1124,2368.373865195142
1125,1944.2125252889396
1126,3025.2292833968004
1127,3695.2638618681835
1128,2118.4239261051016
1129,1890.9180121516417
1130,2716.7052558209252
1131,2361.0305370770275
1132,2521.5889913502665
1133,2285.195173834462
1134,2577.198507695138
1135,2014.747151413947
1136,3398.0131251391567
1137,2229.2139571271246
1138,2067.175184607184
1139,2251.095030835975
1140,2757.189027739303
1141,2478.298461970237
1142,1904.5549661083303
1143,3280.0614362259957
1144,2994.713859154799
1145,2813.103782629584
1146,2976.3117269226486
1147,2049.3679391052547
1148,2522.4588103730275
1149,1836.7693771348354
1150,2053.7001195697103
1151,2731.297649655361
1152,4512.454084869716
1153,1577.4613652945036
1154,2229.0844314556693
1155,2329.2905816877965
1156,2481.7160805609597
1157,1790.9993998827858
1158,3091.128661763237
1159,2266.3567853977975
1160,1974.3220140617932
1161,2148.828228284343
1162,2031.2612491637246
1163,1894.8250999160887
1164,2497.314923603972
1165,2887.771930238514
1166,2377.150800633687
1167,2058.1068944996478
1168,2279.942357089134
1169,1897.0629732122084
1170,2581.705631258968
1171,2371.3707215625327
1172,1766.942107179285
1173,3396.822577743874
1174,2728.6149289054724
1175,2215.31029532126
1176,2478.6168686129704
1177,3308.504947609681
1178,2174.630830403888
1179,1962.6304443580157
1180,2236.339389419298
1181,3687.43633344284
1182,3122.413729423341
1183,1914.3042003843798
1184,2642.3126075599566
1185,2517.313250988851
1186,2964.5144883360113
1187,2219.359500585323
1188,2597.8707994839015
1189,2470.3194662716505
1190,2540.1303918393783
1191,2069.092982559553
1192,2819.746003897085
1193,3262.7266073949386
1194,2565.0362757809166
1195,2132.6100684203366
1196,2466.124385785806
1197,1971.4350688567329
1198,2192.880874515445
1199,2341.8098926619105
1200,2377.4706082521157
1201,2208.4653659875858
1202,2678.106981386077
1203,2849.6631088051718
1204,2607.0939698776792
1205,2274.4957548387674
1206,2159.134319071061
1207,1944.594374809587
1208,2439.6315649653384
1209,2081.1802506891863
1210,4143.1724095590325
1211,2250.8222230426645
1212,2416.5934705439427
1213,2550.5567522325537
1214,2154.3837771572335
1215,2632.878530249376
1216,2386.3723587021286
1217,3563.107945822938
1218,2485.6638902451914
1219,2046.9452039860735
1220,2371.4901138555715
1221,2245.1008119144644
1222,2313.698034925402
1223,2399.32521053242
1224,2725.4478456297393
1225,3051.8091804172855
1226,2247.8120731544495
1227,1842.1653606619152
1228,2151.5466723100362
1229,2158.3593484136672
1230,2046.5693414379489
1231,2918.9824519628864
1232,3623.2035162132593
1233,2272.8348613243043
1234,3185.43870123145
1235,1844.84071522481
1236,3952.9414755945472
1237,3609.550032388309
1238,1884.3377041347255
1239,1978.7298781042532
1240,2776.029292671049
1241,3478.9173599663895
1242,2514.984555273165
1243,3357.3394487709893
1244,2143.983696609345
1245,2014.289452745682
1246,1720.709740223312
1247,2503.5056922434355
1248,2203.2453738358363
1249,2037.0913991423602
1250,2426.9991278294033
1251,2414.7546511795927
1252,3677.886178988804
1253,2729.0884851482515
1254,2227.4200125929306
1255,2970.3342270579733
1256,2604.6345456045347
1257,2411.5183671337495
1258,2565.900504742502
1259,1869.6436967210284
1260,2751.8422850054853
1261,1951.9290995827487
1262,1826.543872940966
1263,2226.8533505828254
1264,1495.1008770793503
1265,2394.119463218158
1266,2075.463222245376
1267,2393.3917716586184
1268,2234.156975158242
1269,2667.7821917992514
1270,2349.6067597135884
1271,2213.952510528832
1272,1854.1608092476545
1273,2894.417878912509
1274,3022.533940788199
1275,2336.7375137823888
1276,2857.93452187721
1277,3330.877592663197
1278,2823.6923073156468
1279,2867.621254576309
1280,3194.439158026416
1281,2972.2568208899465
1282,3270.3218076174157
1283,2296.7173750936854
1284,2016.6841245331752
1285,2767.9658503403343
1286,2023.071165061889
1287,3508.637126587356
1288,2214.203629320206
1289,2558.4094790272197
1290,1924.7501057241725
1291,2542.8089078222242
1292,2009.239471711858
1293,2243.587479351856
1294,3180.313605558992
1295,2068.7645048374297
1296,3239.2416494714244
1297,2166.7397634618146
1298,3228.4710143941074
1299,2961.5085736620067
1300,3188.1452511977427
1301,1980.6709587275368
1302,2119.042627476931
1303,2154.523734302002
1304,2386.777695253874
1305,2782.8071096192803
1306,2232.6312595513973
1307,3582.23618839833
1308,1789.2880642288947
1309,2151.1903884465596
1310,2388.3456374725206
1311,2537.295754380608
1312,2359.8612160953026
1313,2535.0922291849556
1314,2042.0495038836843
1315,2204.875813182588
1316,2692.9531875068424
1317,1924.3230544632193
1318,2741.1684341081
1319,2348.914757970026
1320,2844.445665160025
1321,2565.7580294532845
1322,2225.3445223054223
1323,3318.97943340905
1324,1892.7231537536663
1325,1847.2763731617504
1326,2285.2576466331434
1327,3018.5656763681045
1328,2780.965343780651
1329,2148.020445436724
1330,2107.3065964731686
1331,2460.780465926434
1332,2370.511729165205
1333,2782.7956319071927
1334,2846.286958254479
1335,2395.338557972672
1336,2191.592087543072
1337,2254.0530194934304
1338,3094.7064607972093
1339,2073.8036690905756
1340,2591.2426540107663
1341,2238.7472974969824
1342,2182.0110403478743
1343,3908.1805837338416
1344,2660.6577986994857
1345,2652.7646214568194
1346,1905.5925511853727
1347,3157.6960173466705
1348,2637.0417839752545
1349,2168.6014004587123
1350,2010.2001881000335
1351,3133.404771387703
1352,2353.1799670058563
1353,2330.731039161736
1354,2535.848256649162
1355,2898.984006980963
1356,2139.97280230205
1357,2950.4537619249977
1358,2817.0591714367984
1359,2934.9107079708565
1360,2547.3557246837254
1361,3856.3343178294526
1362,1994.0171674603291
1363,2822.772387490477
1364,2028.2119504830143
1365,3191.4225721700423
1366,3075.007843300781
1367,3224.7739953988716
1368,2975.1455936064176
1369,2263.311624081454
1370,2715.1711582367807
1371,2276.2745813942374
1372,3397.698420796395
1373,2590.025227584624
1374,3290.976032936339
1375,1937.5071298988032
1376,2721.0831311668517
1377,2472.9370351734465
1378,2020.329053388343
1379,2036.597456313124
1380,3488.1982160986095
1381,1906.2145973093816
1382,2530.106654140998
1383,2382.4385847167696
1384,2491.575746343033
1385,3613.0529029311683
1386,2144.3953569255978
1387,2644.384667850589
1388,2586.535244212684
1389,2831.729743365856
1390,1988.655421102263
1391,2117.826673136905
1392,2228.7472172462976
1393,2818.4057829016183
1394,2112.1545129884285
1395,1739.174495607104
1396,3318.2965256041725
1397,2696.0352159966915
1398,2274.054706958975
1399,2040.3183530847903
1400,1923.688075956189
1401,1451.7898302510775
1402,2084.3688174617328
1403,2674.9670068945843
1404,2676.664392145984
1405,2604.846283684695
1406,2616.5378499171156
1407,2938.543046606836
1408,2361.529682040347
1409,2255.780686804799
1410,2079.554225210013
1411,2758.368982294369
1412,2971.0193616921265
1413,2230.0385719861074
1414,2031.98353668458
1415,2052.747907291246
1416,2900.693607098492
1417,2283.319734469343
1418,3836.7789719851166
1419,1440.526768812118
1420,3165.953272214634
1421,3106.40816982485
1422,2181.488440951127
1423,2338.8344911510067
1424,1917.9801759586458
1425,2341.073185301418
1426,3386.1750358278205
1427,2387.8195546136526
1428,3139.740273531321
1429,2083.6015880851487
1430,2886.380740864141
1431,2509.910522559866
1432,1897.0629732122084
1433,2575.4466126654247
1434,2467.6190443571645
1435,2194.4680404897504
1436,2339.008468409319
1437,3409.71642351261
1438,2200.987463294423
1439,2331.7426673249856
1440,2381.126386427345
1441,3013.720153296683
1442,1354.5497558228922
1443,2175.1086544596883
1444,3277.7457941295906
1445,2805.4251188482785
1446,1999.771456662087
1447,2169.993075516711
1448,3089.1768211185686
1449,2383.1784573544
1450,3058.9752656148557
1451,2759.798521388231
1452,2527.8299581770907
1453,2603.2262273666474
1454,2262.9073887076875
1455,2414.1237747176065
1456,1843.0895502719673
1457,2858.2280159692646
1458,2430.7541392364406
1459,2321.608425657534
1460,2050.563575511923
1461,2091.281989260964
1462,3047.3778784969327
1463,2384.5127814567227
1464,2808.9817667260413
1465,2924.079210455082
1466,2946.3584377994857
1467,2195.9270284078284
1468,2069.37990349559
1469,2601.013547011504
1470,2784.751764723357
1471,3888.7656295106144
1472,2082.541033830853
1473,2753.4414486121823
1474,2557.2945089879045
1475,2270.294131454538
1476,2539.9760899231114
1477,3119.0943343483304
1478,2960.357251829684
1479,2503.1869195680856
1480,2047.2401880722732
1481,2617.4591030421075
1482,2194.399830159924
1483,3434.9061500099206
1484,2335.2888747586408
1485,2799.742288793742
1486,2128.2084808318623
1487,2076.597442565884
1488,3145.113044770842
1489,2432.7611960987333
1490,3695.1529050333606
1491,1977.3984572533473
1492,2750.897383111428
1493,3370.1421907185454
1494,2695.6746421596035
1495,2850.0917069273055
1496,1796.6236748507213
1497,1868.1376789605438
1498,2157.5178047443023
1499,3033.031833822026
1500,2467.3996063618383
1501,3228.347613300437
1502,2397.1052908365336
1503,2405.5477886731487
1504,1935.2672928476113
1505,1870.7026121854437
1506,2226.895473107801
1507,1906.7773925196593
1508,2223.3905978763296
1509,4432.004122630253
1510,2333.6933487585147
1511,2548.553642560067
1512,2130.153224401663
1513,1957.631005012696
1514,2773.574003135601
1515,2048.124478027429
1516,2048.502352355641
1517,2033.6935975238912
1518,2033.6774009766605
1519,2642.697945777933
1520,2081.299537263242
1521,2145.4883709055757
1522,3150.296581125035
1523,2861.414664625765
1524,2261.876765243527
1525,2300.5441369745868
1526,3373.487419995725
1527,2134.275063198517
1528,2936.385756304037
1529,2637.6881564402083
1530,2165.615199646452
1531,2355.9382536105745
1532,2598.3370331443984
1533,3245.7639076902983
1534,3053.8275237434746
1535,2494.0551523696226
1536,2251.82691731484
1537,2436.582868864477
1538,2386.0291122872623
1539,2178.3791246202313
1540,2832.418011155597
1541,2931.7445642927214
1542,2329.1682130185095
1543,2740.4284754930873
1544,2141.6777588092837
1545,2720.7981886587813
1546,2497.626104543094
1547,2175.698171932833
1548,2256.893839082465
1549,2233.4846630163006
1550,2227.0725570497743
1551,2368.734244847774
1552,2607.6519100692576
1553,2478.407598059504
1554,3096.7452652591346
1555,2838.5640251945706
1556,1935.8990687323844
1557,2118.8447921965367
1558,1957.6894079797403
1559,2610.7575544228594
1560,2762.110122763671
1561,2897.616263028695
1562,2411.0087295394915
1563,2378.614763825288
1564,3346.863239072109
1565,2547.4266991097497
1566,2588.3557906031874
1567,2123.584992518877
1568,3108.3133749360863
1569,2523.739428105924
1570,2587.3851173110393
1571,2541.3916821194216
1572,2438.5751008993234
1573,1882.2345308200743
1574,2186.2618052465727
1575,2054.4503092931304
1576,2916.327487840238
1577,2348.651974260217
1578,3435.5097503440875
1579,1900.3025576479272
1580,2956.3471156907854
1581,2309.1725450879712
1582,2309.0446701305223
1583,3291.9690974416126
1584,3333.0575787285734
1585,2263.771580263803
1586,2808.890666881478
1587,2460.484193069537
1588,2338.6318815440036
1589,3908.9605177045332
1590,2736.156429578207
1591,2547.512316351986
1592,2080.7887887557226
1593,2051.3498362902983
1594,1960.6242391388182
1595,2639.7165419897
1596,2014.9271488941476
1597,1925.51588532904
1598,2528.955016268278
1599,2988.122485271426
1600,2759.0397282469085
1601,3450.872790000521
1602,3475.236553748815
1603,3591.630601694158
1604,2130.835369576318
1605,2391.2210369198615
1606,3271.9967440948603
1607,3217.231082572099
1608,3301.4060376272737
1609,2873.200671129928
1610,2098.3239192929
1611,2651.5910511963525
1612,2660.029341384612
1613,3155.2253822068296
1614,3081.6455869684105
1615,1980.9628108563666
1616,2201.9569940605033
1617,2988.597560524384
1618,1952.452602825183
1619,2177.1149945317056
1620,3643.4311548538417
1621,2574.4890231893532
1622,2038.3649568306291
1623,2160.324490981703
1624,2536.472661828225
1625,2999.2147781743606
1626,2741.337860024352
1627,2878.9964499918183
1628,2615.9474863021705
1629,2428.15986224315
1630,2139.861187968945
1631,2507.081230774174
1632,3159.3673970046584
1633,2849.2876395237713
1634,2803.206795137051
1635,2444.9009095029373
1636,2232.8413319162373
1637,2899.5196264093674
1638,2055.637592720708
1639,2884.3650244358473
1640,2742.9023150943476
1641,2034.1150295509728
1642,2754.6396305829135
1643,2176.4814407735275
1644,3048.3217304426144
1645,2640.285662734661
1646,2591.888834406326
1647,1867.791931833383
1648,2578.000680699508
1649,2054.2920029845204
1650,2216.489526678256
1651,2242.7092558222575
1652,2580.396861516845
1653,2120.6057888573923
1654,2896.4812805127294
1655,1908.306053067847
1656,2052.4815479552153
1657,2464.4186801945057
1658,3790.8218513056368
1659,3826.731968277254
1660,2894.8742499302657
1661,2660.4286813588687
1662,3883.541509168673
1663,2789.3715295673883
1664,1940.9481578039624
1665,3034.3117238645973
1666,1848.011149375915
1667,2230.134684900227
1668,2439.6547121077506
1669,3365.1832692752905
1670,3354.112167157811
1671,3860.3030636300646
1672,2044.1802261506684
1673,2425.2791491883136
1674,2484.6659388588623
1675,2057.9620612788094
1676,2391.153453298521
1677,3195.0154718470176
1678,2011.4514579276142
1679,1882.623317181362
1680,2551.021518603623
1681,2437.045836555906
1682,2582.1938340182696
1683,2985.023504732074
1684,2352.415231713092
1685,2801.8498450263005
1686,2966.4076660545443
1687,3251.8432755861627
1688,2064.2490215547923
1689,1895.525181289448
1690,2798.583586826612
1691,2712.964951384009
1692,2974.6953195507012
1693,2998.603633010938
1694,3317.053114103017
1695,2076.9258833279655
1696,1931.3318595850174
1697,2128.072093325328
1698,3103.437346772896
1699,3092.2442542608833
1700,2432.7021834566367
1701,3272.7565916496515
1702,1862.144558816864
1703,3308.9090529699465
1704,3609.763810256019
1705,1748.8651622670802
1706,1958.1486854094212
1707,2581.1402783799845
1708,3041.751014868141
1709,2419.315598683137
1710,1846.9271888000685
1711,2916.907704212903
1712,3379.2319356923563
1713,2190.116171915885
1714,2438.797745418232
1715,1793.8211753377363
1716,3161.167209500282
1717,2264.497147391267
1718,2641.2510885151496
1719,1930.5882906086822
1720,2302.717704692455
1721,1916.2705748594587
1722,2157.1968840414747
1723,3035.363094986692
1724,1939.5985432267662
1725,2455.9383591372534
1726,3576.1419420688726
1727,2723.7596809297856
1728,2389.6509759155424
1729,3170.0150595973064
1730,3130.569410638196
1731,2233.4275203550537
1732,2599.824431048404
1733,3199.4026808336557
1734,1841.6620474532199
1735,3164.0807475660927
1736,2506.333860729525
1737,3071.815134953995
1738,2643.84417020129
1739,2448.890319527347
1740,2330.936260882333
1741,2469.463532028998
1742,2017.393230478655
1743,2392.281522973321
1744,3615.311077599641
1745,2687.2210069892735
1746,3025.533866263764
1747,2065.5973507093595
1748,2218.1437916388245
1749,2526.8882868218498
1750,2770.30663910794
1751,2737.57752362441
1752,1507.7820819545525
1753,2161.4052249520523
1754,2406.043216348766
1755,2888.7761828380417
1756,2387.7790066140947
1757,2923.9489785323867
1758,3184.1517251467376
1759,3111.9754724521154
1760,3108.2232552881123
1761,1850.1892290544495
1762,3122.0986248880363
1763,2732.45053721041
1764,2381.433154408596
1765,3152.6100815004693
1766,2362.998312203927
1767,2955.8983689264833
1768,2274.4161110460295
1769,3653.8152373915223
1770,2342.7778201402944
1771,2226.8922369370803
1772,2307.549337444444
1773,2457.4769943793463
1774,2208.3306767032896
1775,2763.4768035333127
1776,2193.6960415901813
1777,2113.822372413128
1778,2338.9612000891166
1779,2400.7954624441727
1780,2894.8742499302657
1781,3180.335851812987
1782,2637.9650943897423
1783,2723.463927996275
1784,2204.672444243827
1785,2531.8101754519416
1786,1966.1185441550979
1787,3263.957991914119
1788,3618.6900122838306
1789,3643.092768348751
1790,2531.981112023303
1791,2901.885099137876
1792,2058.497232960407
1793,1944.9302799967877
1794,3117.1608462846493
1795,2815.640834511056
1796,3623.9204025708214
1797,2274.480765932097
1798,2261.0452891983646
1799,3427.6641934135732
1800,2172.176633035428
1801,2022.671379727739
1802,2125.7967099317866
1803,2190.191881315652
1804,2119.4388415389694
1805,2184.7921321556305
1806,2113.7472992232247
1807,3929.6460214516255
1808,3309.3457329127955
1809,2059.322591883615
1810,3892.7177935632444
1811,2755.9004175005666
1812,2611.5736799310234
1813,2686.6583750126306
1814,3128.4616131147463
1815,2559.0001390644516
1816,2512.0413226901396
1817,2229.4054002210446
1818,2994.0431895877246
1819,1819.6820362577068
1820,2192.7776036493624
1821,3026.295518955015
1822,2538.183380441368
1823,2342.0598050283065
1824,1744.6202613829666
1825,2744.214356427026
1826,4012.068691604014
1827,2179.898927466941
1828,2986.1498353163843
1829,3368.7818028932365
1830,1805.5975223194446
1831,1938.4535578310856
1832,2699.293914370841
1833,2657.106934355461
1834,1906.2048326787901
1835,2009.3512823460646
1836,2611.698323165676
1837,1745.2664843201824
1838,2652.276782243501
1839,2561.14748582378
1840,1790.332619275986
1841,2723.365710627706
1842,1601.7729139842727
1843,3242.8008157973472
1844,2875.2356718344386
1845,2522.8632772707647
1846,1866.2607320147197
1847,3147.4354760787273
1848,1909.0308909433127
1849,3949.5379744911434
1850,2756.4301067806837
1851,2027.270242066007
1852,2384.9740761071344
1853,2754.079061827467
1854,2402.486015886954
1855,4051.105682328647
1856,2480.054507501314
1857,2397.892610010912
1858,3296.637550675586
1859,2334.252469804288
1860,3335.0405853726843
1861,2992.4897342100858
1862,1354.5497558228922
1863,2222.4878708535107
1864,2243.69522655389
1865,2240.442787530435
1866,2566.8887369623553
1867,1851.7076346307754
1868,2347.6757543774784
1869,2201.9808474275655
1870,2275.846942207957
1871,2001.9095616725617
1872,3036.3820481726366
1873,3031.1458709595454
1874,2083.3535037558954
1875,3710.9801681011495
1876,1907.3074486516205
1877,2291.846921182577
1878,2238.1975250082273
1879,2322.803056735626
1880,2766.3121487109483
1881,2206.6500129497044
1882,2794.959541702631
1883,2847.9413188667945
1884,2859.190303712112
1885,2455.0098582855762
1886,2924.846916841941
1887,2168.917922893559
1888,2419.486419947537
1889,2181.36441577548
1890,2569.745292440816
1891,2591.9628789980397
1892,2791.123022314312
1893,2820.2662637679687
1894,2250.5013626619793
1895,1460.7291585566231
1896,2456.895561091733
1897,2057.5367330881104
1898,2283.3655379677375
1899,3266.5189091917055
1900,2308.4255727489444
1901,2027.7861703722874
1902,2980.205827786798
1903,3375.4350817872983
1904,2724.432123959432
1905,3869.341814763571
1906,2491.0881604829992
1907,3470.282038104194
1908,2979.24786715986
1909,1984.222562486972
1910,2334.7386222751916
1911,2679.2877685834665
1912,2271.702003797197
1913,3438.1715073122896
1914,2780.619616986648
1915,2584.3837954207506
1916,2758.4606814287
1917,2372.0074160782615
1918,1698.6653708342155
1919,2738.8116091336465
1920,2478.076092172244
1921,1948.0556815585055
1922,2177.5321682371377
1923,2767.3741299703374
1924,1857.241975395516
1925,3565.28959846456
1926,3126.597572366095
1927,2669.6909589331326
1928,2174.012474072938
1929,2355.595189338893
1930,2299.617782930597
1931,2535.248737932007
1932,3230.196993779027
1933,2804.017740396567
1934,2517.6598944749267
1935,2308.725814129968
1936,2123.0841402174915
1937,2922.2426752341044
1938,3071.4743394497336
1939,3568.846629106247
1940,1932.478501423815
1941,1883.3823968033041
1942,3196.72797898901
1943,2233.728515779175
1944,2628.090200390826
1945,2383.3995462793273
1946,2561.1622764145845
1947,2731.82741130102
1948,2711.530011542335
1949,2881.168266816514
1950,2247.262868185441
1951,2672.3547388126435
1952,3242.318214754786
1953,2697.7865072802097
1954,2559.1994037963996
1955,3396.258212876456
1956,3027.4795855803054
1957,3319.59586025448
1958,2840.324258395557
1959,2918.7529989935747
1960,2217.9400627786727
1961,3262.06030247147
1962,2332.0538846524933
1963,2183.2845848287807
1964,1969.3138847169973
1965,1973.4118839651576
1966,2156.864065447943
1967,2171.22599763921
1968,2366.285790414433
1969,2188.2639604537517
1970,2326.390662845839
1971,3032.29964913634
1972,2076.278852526235
1973,2312.2962965729607
1974,2604.9223932753566
1975,2595.1057739329576
1976,3223.2916736307207
1977,2736.392492603046
1978,1799.9325517496068
1979,2279.486746848827
1980,2409.5504492638333
1981,2249.0430719731503
1982,3748.690839380217
1983,2264.035293715704
1984,2257.860994915441
1985,3063.1352764394787
1986,2338.207636352974
1987,2651.2930153201146
1988,3094.1029833962193
1989,3312.0855217128747
1990,1752.085993547057
1991,2004.8685199541055
1992,2581.785121183896
1993,2838.8885842155814
1994,2462.4066684454533
1995,2881.634957893005
1996,3172.8008370820066
1997,3064.9554444943265
1998,3495.279297623032
1999,1628.0375253920965
2000,2107.389959310679
2001,2051.5761346782015
2002,2727.058110447174
2003,2983.0186650903934
2004,2189.52616692234
2005,2106.124025845309
2006,2402.167745531362
2007,2857.6205593796394
2008,3309.2346315891555
2009,2322.3405718314857
2010,4830.865982297027
2011,2693.026704955394
2012,3394.501715011008
2013,2248.7657185786256
2014,3506.1508856353594
2015,2341.7683214273425
2016,2494.3672546142825
2017,2515.7159274135433
2018,3300.375018116916
2019,2689.719864571308
2020,2912.315412730547
2021,1947.5114661497619
2022,2389.747456621234
2023,2339.566758477132
2024,3097.8945637256174
2025,3351.519841417625
2026,1998.5952633133297
2027,2567.215865863084
2028,3046.6310341405265
2029,2673.99405984144
2030,3311.467279107277
2031,2008.15510703424
2032,2791.9009893467896
2033,2254.960092380269
2034,2151.5955404465367
2035,2292.68712636285
2036,3040.6648031439763
2037,2272.788943764647
2038,3205.876012209607
2039,2560.851292861088
2040,3041.686377783082
2041,3331.112001648719
2042,2396.456085893594
2043,2391.472488942772
2044,2666.1430111250183
2045,2180.7531520425364
2046,3252.533495145005
2047,2207.2750681884922
2048,3287.606989380135
2049,2831.033483912136
2050,3080.9629661210565
2051,3262.0612346661264
2052,2499.358308676691
2053,3018.6342508118023
2054,2337.968352809674
2055,2935.636699517094
2056,2160.3753993948085
2057,2366.4771158100475
2058,3008.6583687281227
2059,2939.67612590497
2060,3253.164764444752
2061,2855.754399511199
2062,2705.9096304006343
2063,1986.4625523777577
2064,2600.437028032357
2065,3350.077738667582
2066,2156.9311654622243
2067,2207.294265476922
2068,2313.1749264429154
2069,3111.4510191401187
2070,2470.1465926957926
2071,2743.5797709134504
2072,3165.0053806369533
2073,3183.5335843228763
2074,3159.3920352403893
2075,3138.2782960779678
2076,2371.892974190816
2077,2158.3722342794854
2078,1926.46588743641
2079,3537.1683357086113
2080,2530.4843115152703
2081,2275.139046317447
2082,4426.3259320922825
2083,1796.023368485085
2084,3582.746423285923
2085,2535.108277887719
2086,2172.9838516503714
2087,3167.8665567059843
2088,2149.522486248074
2089,2573.70473241897
2090,2408.811841382175
2091,2627.9323614765476
2092,2370.3157502474946
2093,2465.3090762181723
2094,2303.953637638102
2095,2639.766071052076
2096,2623.6231796277903
2097,2827.669679554557
2098,2466.1811736946347
2099,2105.939761419908
2100,2709.3984074213777
2101,2526.7356920618104
2102,2451.4901141510204
2103,2398.5647960774772
2104,2672.265674950101
2105,1941.4013863792454
2106,3719.1542017436304
2107,2174.2247568807716
2108,2659.6097972550842
2109,1997.3860599031282
2110,2572.741114553344
2111,2377.373922821389
2112,2340.3700123962662
2113,3006.736423696616
2114,2255.221775215085
2115,1806.5305478664338
2116,2138.9791558512875
2117,1838.6050615705512
2118,2705.417201761917
2119,3141.425176855395
2120,2972.8533519988173
2121,2782.1415878466987
2122,3448.501873667109
2123,2458.3520851229187
2124,2558.196088231447
2125,2364.8002934167807
2126,2119.5912681046516
2127,3380.7203435986976
2128,3460.437616222711
2129,2557.2366911680806
2130,2487.024310429208
2131,2330.018168954778
2132,2164.3859767479685
2133,2204.3522630960706
2134,2044.808512594243
2135,2036.871715621018
2136,3101.653116582477
2137,3229.344390029348
2138,2070.1410418979394
2139,2121.5330239869945
2140,2347.843793317682
2141,3113.02379200003
2142,1954.3567899962436
2143,2609.9091800645456
2144,2768.296691267282
2145,2572.0809977857766
2146,1846.2514722993487
2147,1969.6459934451211
2148,2785.5591445519335
2149,1779.4434657968172
2150,2062.361579436729
2151,2247.9451073339546
2152,2009.8352576346363
2153,1828.8629384441056
2154,2093.309002742844
2155,1992.3545545708187
2156,3672.9947945836066
2157,2154.0531286045616
2158,2638.1295379615112
2159,2917.2082052149867
2160,1643.8934115775614
2161,2416.7900882542353
2162,2679.397745005457
2163,2585.8528427828896
2164,2580.004108864334
2165,2367.4923431581255
2166,2273.912242907364
2167,2270.829313318373
2168,2181.2765763322627
2169,3119.3380924448848
2170,2629.883582701952
2171,2757.971856737923
2172,2107.330533421348
2173,2329.106922596333
2174,2271.57823935351
2175,2544.859080533962
2176,3069.696094986013
2177,2714.5968100912587
2178,2751.147479323866
2179,2781.4065810823877
2180,2887.7640166826986
2181,2023.0607515242184
2182,2230.430016509763
2183,2590.6340165227093
2184,2811.774874084992
2185,2694.9840418588356
2186,2118.8930544376644
2187,3800.982787494325
2188,2104.5069749749805
2189,1875.9980771384508
2190,2192.736867496926
2191,2406.8840311798413
2192,3106.1071822605822
2193,1999.386527393474
2194,2370.7136228842564
2195,2472.517878543536
2196,2510.2352067042407
2197,2164.1214281286275
2198,2134.727737175819
2199,2569.1243067627956
2200,1951.923684141926
2201,2306.2302286710337
2202,2897.990726567771
2203,1896.3187391802296
2204,3396.7214802397393
2205,2156.4883909807763
2206,2126.0392578418787
2207,3322.5208603862593
2208,1984.13689543381
2209,2499.969206874217
2210,2304.13967291401
2211,2476.7545605611854
2212,2919.365782405306
2213,2112.7578488805198
2214,2315.675210533236
2215,2529.9356494573794
2216,2635.4271944218062
2217,2752.5548632022646
2218,2303.4862437817737
2219,2103.4123766056737
2220,2428.0282052665166
2221,2465.578866015426
2222,2611.36625398303
2223,2769.7219293281287
2224,3590.7050366307285
2225,2758.1841486626104
2226,1999.8787617962437
2227,2667.110812902053
2228,2486.69589761455
2229,3628.8145172087807
2230,3561.0709213164973
2231,2267.3569563787505
2232,2046.3317052504212
2233,2752.776137212876
2234,4315.45170930607
2235,2145.8996441960394
2236,2343.853768420343
2237,3129.501455284266
2238,2028.3207552344843
2239,1964.3483452032751
2240,2045.7588233625868
2241,3500.499130312369
2242,2629.2935325328262
2243,2278.7072500492814
2244,2209.4516925009666
2245,1834.5099086790374
2246,3613.101097458243
2247,2310.0482795867465
2248,2382.0146360268295
2249,2125.352014283636
2250,4202.345626286142
2251,2063.868029234507
2252,1890.891168726858
2253,2061.8949022836723
2254,2633.32052833095
2255,2058.7361434773716
2256,3181.260684588434
2257,2180.2270891870016
2258,2696.2810664762583
2259,4375.2943785969655
2260,3636.8231089235687
2261,3409.1195607818827
2262,2264.0560967071065
2263,2459.7285225288306
2264,2572.4070137698664
2265,2865.058674407378
2266,2099.529160907059
2267,2327.131760795676
2268,2322.802635718153
2269,2258.7949552204554
2270,2303.905852923591
2271,2427.0909898672553
2272,2648.7653456762855
2273,2279.6019210358463
2274,2210.551378172998
2275,2355.762056476721
2276,2185.571423790436
2277,2076.193674658748
2278,2304.9097631660716
2279,1873.576653334621
2280,2839.1746782110577
2281,2192.781310762324
2282,2585.642831360504
2283,2418.152292325598
2284,2289.1598330077823
2285,2818.2083214889585
2286,2771.1462556553215
2287,2559.8310290044733
2288,2393.6240647395225
2289,2639.412661390772
2290,2036.2223174808282
2291,3100.5129990701234
2292,1921.6005585935973
2293,2888.6323865254044
2294,1918.522473196144
2295,2474.1736521418834
2296,2828.6243607648184
2297,4052.1099582398638
2298,2273.1198847271025
2299,2108.141094179042
2300,3319.814951723902
2301,2292.5153621477216
2302,3708.55047152993
2303,2279.103016961171
2304,2676.972972977169
2305,2356.603218252596
2306,2447.131463508945
2307,3147.813099837894
2308,2742.7434250934457
2309,1892.0808113671778
2310,2295.9511825696554
2311,2686.6229074163534
2312,3138.4255750372668
2313,2340.4526934094965
2314,1879.9234635640423
2315,2221.088079013847
2316,1875.1049089893586
2317,2912.0638203266253
2318,2309.2867742273347
2319,2153.8090909727393
2320,2910.244904100925
2321,1952.140349228518
2322,2592.3113941600423
2323,2958.932264117607
2324,3400.9053738100356
2325,2111.0231252488734
2326,1943.8008890938502
2327,2560.0919665404954
2328,2388.7697800747555
2329,3544.654764577412
2330,2600.9783790450683
2331,2492.3871726301163
2332,2675.5141879525445
2333,3198.0186315833034
2334,2729.7853907374633
2335,3479.9586982376586
2336,2109.6220300101313
2337,2924.4916397247866
2338,2642.9934610382957
2339,2266.660586455928
2340,2915.256273325699
2341,1940.4171792470145
2342,2291.6751203644835
2343,2115.20554923269
2344,2314.137675525266
2345,2427.793691948955
2346,2599.5152132866115
2347,2857.742633998133
2348,2128.913241585123
2349,1504.3995861665107
2350,2518.5830522608276
2351,2457.694553239141
2352,2328.4278466674045
2353,3033.7929976849846
2354,2112.1289530179683
2355,2363.96941423548
2356,2176.38737881187
2357,2469.7614944271318
2358,2351.231104162117
2359,3202.16747429111
2360,2442.9323209768354
2361,1859.7396052285114
2362,2608.1386974733796
2363,2982.9216002200055
2364,2224.147127897095
2365,2484.8427007234704
2366,3367.352257680337
2367,3508.7863437639026
2368,2263.5331388174227
2369,2960.797123024254
2370,3612.3474952076813
2371,2198.523667234497
2372,3048.738006420909
2373,1999.8394143434375
2374,2392.082211350122
2375,2855.5511881228313
2376,3064.594318414711
2377,2293.5587331541533
2378,2453.415294513261
2379,2432.29984131056
2380,2796.5426313350827
2381,2553.9874565236514
2382,2467.4190729368206
2383,2287.28535320613
2384,3195.499960049967
2385,3581.4262826698077
2386,3138.9171042687194
2387,3149.8246033211576
2388,2398.370893608962
2389,3237.75696336672
2390,2140.3604193168153
2391,3191.352360779263
2392,2601.43794368239
2393,3215.421521735663
2394,2053.741826592912
2395,1514.4915795836664
2396,2663.1372939954385
2397,2316.271849496333
2398,3802.6549853823913
2399,2177.9649654951845
2400,2444.0593119100963
2401,3230.446848531272
2402,2091.22346518598
2403,2599.1982776079817
2404,2093.2557083872757
2405,3149.5542673243326
2406,1932.3956421704465
2407,1322.1026476403108
2408,2514.137353999606
2409,2793.644406176657
2410,2886.347359607413
2411,4057.338150006334
2412,2468.1474440658967
2413,2548.6731801134447
2414,2181.764574706015
2415,2201.1379341483603
2416,2113.8334860808573
2417,2152.331217750855
2418,2423.2726422965507
2419,2594.308372249924
2420,2524.1946747898737
2421,2130.556511679773
2422,2246.6699705255423
2423,2879.922014418796
2424,2740.591308119448
2425,2551.250784949907
2426,2129.4811374875753
2427,2188.450676911024
2428,3100.841324849547
2429,2324.611007367549
2430,3791.698879971085
2431,3120.854975468398
2432,2296.2976159299333
2433,2258.1405208805118
2434,1948.345226297632
2435,2779.3198960479453
2436,2379.713357112262
2437,1886.1883973447166
2438,3029.0314620045765
2439,2634.64997882054
2440,3547.1541711909495
2441,3330.150968509419
2442,3210.3217610289594
2443,2219.0205108216237
2444,2381.433154408596
2445,2615.389286431933
2446,3253.9493613975264
2447,1679.4552527772223
2448,2056.962497112255
2449,3174.226075089689
2450,2570.0096584505386
2451,4212.580990759124
2452,2874.0349019602363
2453,2004.6098453106479
2454,1663.2066036652366
2455,3029.633282728745
2456,3880.5835109126047
2457,1818.9626976363083
2458,1783.134089644676
2459,2282.3983480575785
2460,2182.2726078105684
2461,2739.9048879150178
2462,2449.2655089319073
2463,3526.536658552884
2464,2611.752624925015
2465,2412.4411833189597
2466,2002.1092488959812
2467,2185.240314249793
2468,2063.5571892806465
2469,3435.4759256083457
2470,2449.641924136586
2471,3350.900970707389
2472,2908.7019060527728
2473,2351.5879509511497
2474,3009.3599084566267
2475,2282.4374621223847
2476,2888.0175274887424
2477,2362.3122023330006
2478,3214.303226450885
2479,2435.2394079301284
2480,2630.061872062748
2481,2416.0488687160305
2482,3748.379225651996
2483,2136.1753604281876
2484,2971.1351457723285
2485,2379.7661042593636
2486,2178.8353445679245
2487,2402.3617955582326
2488,2281.2840937329875
2489,2722.6138014006046
2490,2138.174039689835
2491,2711.431202561481
2492,3492.1980495943353
2493,2257.3399772264984
2494,3109.3399161995985
2495,2276.697843682724
2496,2372.819603974335
2497,2769.7699099569722
2498,2745.8342940225957
2499,2030.892655257655
2500,1932.0090998616274
2501,3644.258008721162
2502,2052.0051394679176
2503,2051.873159660062
2504,3441.206503182587
2505,2609.2465976839
2506,2074.4668615266664
2507,3821.8304740683943
2508,2309.9780128912007
2509,2103.7197414455936
2510,2238.364433215762
2511,2625.6841450239367
2512,3641.4447873647537
2513,2272.1083864565007
2514,2583.285066917857
2515,2243.5968811313787
2516,3945.4014542874033
2517,4005.9276013969215
2518,2306.9440759744602
2519,4200.104521068792
2520,3304.443443732125
2521,3175.562144204337
2522,2108.640992783643
2523,2296.141165026291
2524,1821.0693326016305
2525,2774.3199551100697
2526,3207.961468760798
2527,2548.476248666877
2528,2051.371328080417
2529,2357.248024316623
2530,2118.2284663084133
2531,1972.1161352073595
2532,3130.4378407016
2533,2169.690215526884
2534,2181.569004178083
2535,2517.4017897688786
2536,2732.383229567208
2537,1694.2011301936059
2538,2507.7916617194996
2539,3155.955299905231
2540,2055.6000768673316
2541,2355.747819003511
2542,2227.1534469646876
2543,1868.2907794043854
2544,2123.8387210733904
2545,2206.540979296268
2546,2387.258925387474
2547,2305.7740777436316
2548,2666.157995252295
2549,2498.105656899783
2550,1908.8771508670234
2551,2273.3667808145674
2552,2371.6193655316188
2553,2564.78000629302
2554,2390.396379849982
2555,2707.5364398923584
2556,2015.4925626999839
2557,2556.703116460001
2558,3007.8446608844115
2559,2254.149198826628
2560,2099.055821742525
2561,2318.3004557624836
2562,2376.518246400652
2563,2546.327753498176
2564,1899.3402204846975
2565,2180.2287796423248
2566,2439.217411496196
2567,1214.430846026378
2568,1954.3892503777772
2569,3111.9490841077018
2570,2388.37717850713
2571,4067.16803319863
2572,2492.71855708799
2573,2667.340370352508
2574,1973.9351747398528
2575,2329.1391919726757
2576,2180.048528348072
2577,2375.302724543123
2578,2231.0607733959796
2579,2341.271688810157
2580,2345.250797539108
2581,3141.084902106284
2582,1857.0862344635646
2583,2733.1152440124315
2584,2192.8932151242243
2585,2189.24355209731
2586,2225.9045938366735
2587,2462.8907898445877
2588,2487.864552408656
2589,2196.826918110197
2590,2128.6059797333473
2591,2393.907774104817
2592,3760.4124941721675
2593,2218.8988202106375
2594,2277.6762901878546
2595,2924.474299956887
2596,2721.5249015167046
2597,2402.399886148064
2598,2611.9808721270974
2599,2656.182421511582
2600,2114.214098786855
2601,1941.2953747058457
2602,3124.446756621044
2603,2589.8511026645438
2604,2209.220072166612
2605,3559.68454035989
2606,3300.36320278968
2607,2345.0718863316906
2608,2151.3431722213186
2609,2456.0108138932173
2610,2505.4649681752585
2611,2361.248951504458
2612,2056.0522034505125
2613,2118.2928331930952
2614,2144.2738503034525
2615,2515.091992717569
2616,2007.9834642689482
2617,3093.6177949001703
2618,3531.087835093723
2619,2277.8611736598505
2620,2035.3192714726135
2621,2605.1964210360525
2622,2281.3706634861683
2623,2935.33946240713
2624,3007.298525562299
2625,2691.1131041318376
2626,3022.1139143328255
2627,2993.138336289184
2628,3146.7322655416483
2629,3002.534667023435
2630,2891.8913317202687
2631,2539.4310740488436
2632,2196.1815337106937
2633,3145.4353320754135
2634,3248.1315980728978
2635,2420.446587172554
2636,2918.1869449826445
2637,3650.1474628910737
2638,2756.3727948258806
2639,2537.0823707653813
2640,2195.56754124143
2641,1942.153615153044
2642,2189.2832733482983
2643,3165.52082977386
2644,2973.7829711557315
2645,1748.6128395523751
2646,2123.491871572566
2647,3101.942793477976
2648,2293.349949103257
2649,3293.635875293965
2650,2215.0127647355484
2651,2508.436999386937
2652,2338.6527642802575
2653,2212.40108785344
2654,3208.392160647625
2655,1899.5487353954945
2656,2415.4735509226966
2657,1961.658857311013
2658,3714.699439121967
2659,2178.054423473245
2660,1447.7058760853167
2661,3403.0425571210953
2662,1998.4344160722535
2663,2606.4405392728704
2664,2218.639110776063
2665,2548.439145109751
2666,2062.0155637455946
2667,2561.3315121420565
2668,2439.2987000546514
2669,3066.5328822691417
2670,3744.3739246610185
2671,2312.1262505150944
2672,2193.765289758059
2673,2607.3435599683307
2674,3347.997774419365
2675,2433.019705307447
2676,2406.362460515037
2677,2780.854939995106
2678,2145.8830360008287
2679,2694.7415537546076
2680,2731.108583137774
2681,2477.5276291440214
2682,2798.501523210678
2683,2293.8693825682008
2684,3121.6474882868197
2685,2694.6141135933567
2686,2400.803084244577
2687,3234.962860053658
2688,2069.105923006087
2689,2190.8334531761234
2690,2039.19024646447
2691,2291.7510511603477
2692,2610.791987608065
2693,2718.5730889717797
2694,2397.0372301238904
2695,2328.8559549278725
2696,2805.2074752301664
2697,1973.6750094346369
2698,2637.3943351441544
2699,2877.3875238385094
2700,2216.230858716564
2701,2841.2184438339905
2702,1907.1498351981
2703,3419.167315001213
2704,2655.944362394431
2705,2997.6795497765984
2706,1941.0311434592581
2707,3379.40038365924
2708,2134.006988627978
2709,3420.9227059475193
2710,2164.0125838662625
2711,1893.6431433158543
2712,2397.452796011652
2713,2437.0260135232265
2714,3169.9975809546518
2715,3117.974791247213
2716,2220.9523679614304
2717,2170.452008271369
2718,2200.1376636098944
2719,2019.9978686736704
2720,4343.637846237099
2721,2692.857509342827
2722,2951.288092118568
2723,2726.306557101866
2724,2777.9052674490354
2725,1929.5878596937937
2726,1908.7318372217235
2727,1841.6609780466742
2728,2516.1208276727593
2729,2577.390337916819
2730,3449.542449543802
2731,2135.647783250106
2732,2289.4366727071847
2733,2475.6066794546105
2734,2520.297621227218
2735,2695.7989694743537
2736,3154.4286378277684
2737,2940.3369453255314
2738,2562.5635439691005
2739,2735.983389068073
2740,2347.1177696081477
2741,2943.984936808276
2742,2502.6614493112934
2743,3653.2395697428046
2744,2091.8865272729226
2745,2379.2852762287384
2746,3133.241565693056
2747,3267.8665341857813
2748,3273.2153714954266
2749,2679.302569210403
2750,2083.0501051037686
2751,3652.6426652816363
2752,2405.9329218870143
2753,2416.5934705439427
2754,2550.626189079057
2755,2168.9888653140415
2756,3333.9642741448097
2757,2888.280787353837
2758,3834.1588600430255
2759,2039.470339242615
2760,2148.9183828250493
2761,2360.0931607447037
2762,2696.1292031849116
2763,2378.984318029151
2764,2209.883614510528
2765,1572.9656465008457
2766,2339.8695983694224
2767,3243.63873672929
2768,2356.9102381247635
2769,2658.79450554277
2770,2750.4324313254892
2771,1995.7821738098812
2772,2485.9856487926604
2773,1857.4223781758824
2774,3289.3327982125024
2775,2197.8108352609406
2776,2777.11028211391
2777,2533.8863103840613
2778,3181.296442951294
2779,2214.5584171400733
2780,2680.330303360267
2781,2575.2720706955206
2782,3511.826016919019
2783,3479.562839981367
2784,2245.9805647381622
2785,2454.6507092813617
2786,3052.312877437975
2787,3201.978472163415
2788,2639.5540976074944
2789,3469.916661818815
2790,3110.236020441667
2791,2943.9944141164256
2792,2128.0624671360565
2793,2160.6587491915216
2794,2079.580306015099
2795,2481.04738389615
2796,2276.2184024799108
2797,3090.985024011464
2798,2647.6902148161516
2799,2276.022645068824
2800,2758.3089100692087
2801,2267.093488562684
2802,2424.257256511165
2803,3610.7653980893083
2804,2037.9584313549249
2805,2231.6627617404138
2806,2303.0905391069045
2807,2765.123180318989
2808,3461.078847776683
2809,3292.5931030581514
2810,1884.1963579395424
2811,2311.6899010172933
2812,2450.165957569563
2813,2563.544011871356
2814,2522.4900838418316
2815,2141.7877586107984
2816,2327.5306419642784
2817,2465.5890320491408
2818,1901.2065017080063
2819,2384.137835476867
2820,2797.256267365978
2821,2058.056217377402
2822,2505.4257341934344
2823,2313.261851717228
2824,2591.093063557769
2825,4025.706147456563
2826,2131.395371292828
2827,2648.763267801716
2828,1955.3847723816616
2829,3645.0182772850894
2830,1866.358058913174
2831,3582.935785963924
2832,2245.1268242277733
2833,3182.869999438586
2834,2418.9881858232443
2835,3240.2073634116423
2836,2251.5402738962466
2837,3165.290256750305
2838,2575.7678104082624
2839,2134.743429652951
2840,1927.89705521129
2841,3056.2236465286705
2842,2445.848449889897
2843,2630.5784958632876
2844,2852.5971519186123
2845,2424.745874797413
2846,3305.670433639445
2847,2684.53761952583
2848,3694.9851336838283
2849,2170.4655822391906
2850,1924.466376433312
2851,2154.1506893401256
2852,2072.407087598699
2853,2711.6142522548553
2854,2231.6207201988977
2855,2650.003910281583
2856,2681.8050676568205
2857,2156.746440929711
2858,2909.703723958327
2859,3632.5028746708563
2860,3230.1195851495127
2861,2102.840708086324
2862,2187.647660291865
2863,2777.7029737656703
2864,3095.278018457253
2865,3633.7123121305012
2866,2223.926168848256
2867,2555.343215286166
2868,4114.982200875112
2869,3265.9105762240083
2870,1866.5084883278787
2871,2669.414274535353
2872,2141.6844229820927
2873,2350.5980681970273
2874,2954.669480356336
2875,2241.6643587633107
2876,2396.551476573501
2877,2162.769806278782
2878,2391.994535609075
2879,2350.265978009137
2880,2108.2308293618817
2881,3379.6216805279682
2882,2544.2183030186516
2883,2559.4930068362146
2884,2526.6669602723423
2885,2612.1802684101976
2886,3082.6966150195294
2887,2376.3292033898297
2888,2025.5029816854408
2889,1947.5878643282301
2890,2399.1801724052084
2891,3250.3330981922036
2892,3827.2808808343825
2893,3052.6182515927803
2894,3091.570053834177
2895,3215.2168426015824
2896,3096.643462589165
2897,3543.578683895389
2898,1979.9792538772672
2899,3710.749111687892
2900,2641.506740715303
2901,2583.010434894438
2902,2125.005682191008
2903,2362.285833352126
2904,2649.9593276889536
2905,2981.238698099801
2906,3117.413199406198
2907,2484.388082975783
2908,1827.712972530419
2909,2902.9070104304556
2910,2010.2135282553377
2911,2501.9444686945353
2912,2512.110508344338
2913,2143.4039407217733
2914,2442.182051360657
2915,2383.2886249950134
2916,2117.098198107442
2917,2455.4347908756217
2918,4473.143958273444
2919,2172.9346344785026
2920,4289.787327589511
2921,2320.8409517027153
2922,2113.55712301661
2923,2586.9353331928046
2924,2939.725916061725
2925,2226.92061854742
2926,2655.2187019046096
2927,2036.1972752466631
2928,2159.1081682788836
2929,3361.304828538927
2930,2750.6610951539365
2931,2094.156212676699
2932,2253.5843173956755
2933,3439.6848949835926
2934,3175.6943845525875
2935,2279.2212632643573
2936,3174.070079943611
2937,3020.005676209703
2938,2276.7094818851087
2939,2646.535971982304
2940,3160.7624884013685
2941,3348.266460176486
2942,2938.8196875444464
2943,2158.9927005411582
2944,2521.436372581077
2945,2255.572912454662
2946,2040.6134194103174
2947,3257.85874039018
2948,2038.2955563742448
2949,1945.514272463223
2950,2856.6124593692857
2951,3317.4713544940705
2952,2148.7762038477154
2953,1994.0787222128529
2954,2516.356679374563
2955,2877.097207748926
2956,2413.747677980332
2957,3294.9339670324657
2958,2392.944002812965
2959,2010.6201602383314
2960,3203.9131160577635
2961,2417.6276230788726
2962,2507.7212061098367
2963,3259.324568757688
2964,2269.949180431061
2965,2146.7758692357615
2966,2265.1789126296458
2967,1976.2655915461332
2968,3291.655185852579
2969,2150.80006533096
2970,4275.85834840632
2971,2573.70473241897
2972,2010.6067365966771
2973,2211.753801802234
2974,1975.7412068562112
2975,3107.3808985353107
2976,2452.8159688809988
2977,1863.3118031247302
2978,3476.233295086193
2979,1948.6808489221728
2980,3299.1811387203807
2981,2086.4404936482256
2982,2063.064528261657
2983,2875.2012596619643
2984,2388.399667008108
2985,2182.7513423890055
2986,1900.7655206958054
2987,2352.3844747526136
2988,2270.1957733363633
2989,2396.1134452068295
2990,2937.204065597885
2991,2785.7783658718836
2992,2661.151971278006
2993,2116.0758437594473
2994,2590.4112628187595
2995,2216.8082922366857
2996,2857.067825888965
2997,2470.5720557986365
2998,1763.1244579797863
2999,2023.2020636286911
3000,2167.3020197932424
3001,2733.040259176914
3002,1920.5744592059416
3003,2751.0846230378174
3004,3093.69834541239
3005,2207.2461981408496
3006,3126.178059194796
3007,2104.7321380469093
3008,2484.223841518796
3009,2722.4482872940544
3010,2114.7347356181194
3011,2996.831238785332
3012,2499.255019522285
3013,2270.250004086955
3014,3016.9159335930644
3015,2878.835556172522
3016,2279.103016961171
3017,2069.452605519293
3018,2765.2310471006876
3019,2060.3116466855386
3020,2044.1979047958189
3021,3210.850775503605
3022,2811.0226373697315
3023,2371.120593563195
3024,2770.8595154451705
3025,2093.3558922704633
3026,2258.8563384894137
3027,3040.9470477800264
3028,2230.361898063196
3029,3384.0195521115393
3030,3010.162193912989
3031,2195.903089337832
3032,1932.9073721575137
3033,2991.746773536187
3034,2219.7730711625154
3035,2467.1930162689478
3036,2285.177588361871
3037,1963.8375361453889
3038,3299.847513140448
3039,2186.9470081952536
3040,2155.9119314583404
3041,1831.421694783165
3042,2363.591052058937
3043,3069.856584455514
3044,3053.0442680828146
3045,2265.960256483234
3046,2800.15114802906
3047,1846.9271888000685
3048,2661.088742042568
3049,3251.2783821723415
3050,3575.7191952048834
3051,2940.6318138838606
3052,2048.120540104429
3053,2040.7252710679822
3054,2044.2913768763335
3055,3534.6299634794664
3056,1824.3644917876793
3057,2087.7310613355594
3058,3445.53295992798
3059,1911.2836365481107
3060,2246.1215526495776
3061,1978.1492409828143
3062,2941.3500060019705
3063,2038.9901090625422
3064,1839.2197517125617
3065,1775.2001223766938
3066,3984.2024678601915
3067,2425.630185501217
3068,3735.5914173659817
3069,1806.661713532975
3070,2510.992848380469
3071,3262.8371891296492
3072,2085.2708426084805
3073,2597.9018472527296
3074,2571.050700355595
3075,3019.282443150964
3076,2597.6198312020197
3077,2137.7661029679957
3078,3614.743841103943
3079,3120.292928176333
3080,2853.015163367818
3081,3393.474684218858
3082,2361.587030804433
3083,2403.2612754838497
3084,3271.4707659631313
3085,2224.44398320414
3086,2308.9668541013225
3087,2896.9957388866233
3088,3723.6422749105855
3089,2791.4944063267103
3090,1885.732075723654
3091,3723.111721245178
3092,2206.868526179337
3093,3113.4668434765063
3094,1424.4611360236286
3095,1991.3285489125897
3096,2312.060256145871
3097,2169.425383870317
3098,2458.2586748430276
3099,3747.9395582399593
3100,3246.6882779706775
3101,2441.170154237626
3102,2576.8613502184544
3103,2310.6791860318453
3104,2608.4388358944643
3105,2108.743654354436
3106,2489.6984706084545
3107,2555.046053118922
3108,3091.2564117125266
3109,2847.1157306041314
3110,2068.6268076425986
3111,3124.8889033406804
3112,2383.061019725811
3113,1964.0065964632831
3114,2458.0233848306507
3115,2336.9251497383943
3116,2562.9974053251617
3117,4183.359068005622
3118,2042.671506365444
3119,2036.4583101227445
3120,3462.821022974972
3121,2106.8664022324965
3122,2098.0257759290607
3123,2613.5633088378036
3124,2797.2968958558895
3125,2891.1807300140717
3126,2473.425658254371
3127,2021.6559637890214
3128,2104.8278527829284
3129,2589.7854176515807
3130,2370.2335530011865
3131,3359.5630757644494
3132,3157.017438169727
3133,1773.6324704640742
3134,2579.758373499012
3135,3424.3297374577173
3136,3282.398516389057
3137,3151.797206571743
3138,2466.034118280826
3139,2582.925749004248
3140,2479.082680329874
3141,3078.7872723242413
3142,3358.324341578741
3143,3138.8056973676903
3144,2880.506735818248
3145,2388.967247901336
3146,2104.249411291398
3147,2331.107471715889
3148,1881.8919414429624
3149,2089.1346744833336
3150,2231.286605357124
3151,2357.4004251044867
3152,3160.02408473963
3153,3288.6010952902107
3154,2904.8260766673725
3155,2296.8876977178
3156,2143.4212065060383
3157,2874.1952608147803
3158,1927.6423874604498
3159,2230.4465535522427
3160,2194.745281439102
3161,2330.3410116214827
3162,2254.8242610034304
3163,2858.8144599035286
3164,3493.8006870367767
3165,2694.2511073593164
3166,2375.2010503930424
3167,2822.664925377509
3168,2369.472242823093
3169,1962.672872516459
3170,2193.0754231198157
3171,1892.3665867920558
3172,2014.1467779091904
3173,2768.3094042006705
3174,2181.231609871726
3175,2509.540913004023
3176,2213.638634640163
3177,2846.355993504576
3178,2157.852851627384
3179,3211.071719608074
3180,2878.6730055971852
3181,2213.6452210117736
3182,1946.8016893914685
3183,3572.451672918258
3184,2184.9742157646656
3185,2127.4774663664934
3186,3518.4743515106456
3187,3971.1211036168033
3188,1976.347494482276
3189,2260.68714926821
3190,2418.5089921494996
3191,1836.3227023870056
3192,2923.474394496263
3193,3239.54576518073
3194,2037.2895383400162
3195,2326.896477508837
3196,1791.5312617148056
3197,1890.5516092337155
3198,2095.201916124495
3199,2787.4990417091194
3200,2271.9579087596203
3201,2097.435795373515
3202,2290.2450935982315
3203,2524.536957005794
3204,3002.697782053699
3205,1890.284114906963
3206,2057.440136722918
3207,2731.9942256199156
3208,3083.799195163956
3209,2570.259487892151
3210,3575.680924182127
3211,3572.021443791118
3212,3039.7452676144767
3213,2559.2937730645963
3214,3091.313087278183
3215,3099.4871707303664
3216,2269.796605542637
3217,2796.49080898147
3218,2070.9566960916895
3219,2728.1848767366782
3220,2341.868967367731
3221,2032.2113823058116
3222,3150.70291284283
3223,2609.0165265113983
3224,2866.853738174637
3225,2027.8907138433615
3226,2104.199236444609
3227,2729.813667281231
3228,2489.9539186999755
3229,1899.4913832756902
3230,2021.6522854520576
3231,2303.0015305345737
3232,2148.8480038858143
3233,2372.606808236145
3234,2917.9871540637623
3235,2664.0927905519975
3236,2877.292900125786
3237,2451.399919920371
3238,2152.5703417108853
3239,2780.6847081443966
3240,2736.9710859784063
3241,2563.866634166045
3242,2285.665996855021
3243,2965.019808602384
3244,3266.7201568710398
3245,2250.224859755718
3246,2658.6125797346376
3247,2216.1640567307586
3248,2123.1157523553507
3249,2246.9503045988013
3250,2234.1352639162105
3251,2702.42630361635
3252,2534.2836853193526
3253,3396.3488651750235
3254,4012.0640006415697
3255,2659.0034654328083
3256,2386.4708645785986
3257,2103.6880142022164
3258,1986.1326207126835
3259,1974.1866071469392
3260,2156.125839177251
3261,2908.8251514476865
3262,2334.195977531915
3263,2154.7536281939297
3264,2179.9426795096374
3265,2681.6741150869743
3266,2598.9931348561227
3267,2987.7677868388682
3268,2686.315082868896
3269,2577.5696852501023
3270,3240.8032368119484
3271,3706.749462234261
3272,2640.5642477605616
3273,2502.8552525760642
3274,2869.779842696369
3275,3556.164166146364
3276,1875.9584228537
3277,2762.081376549803
3278,2275.429559492417
3279,2136.247417835416
3280,2106.408213641504
3281,3242.6304024784554
3282,2599.3250821234988
3283,2192.715144902032
3284,2065.3356108366347
3285,2430.0106720692834
3286,2493.6335398970114
3287,1958.368941710472
3288,2070.1839731074474
3289,2448.8592022436387
3290,3082.544550083797
3291,2333.8771334308085
3292,2779.165985974916
3293,2455.40861758185
3294,2480.274387769465
3295,1830.616812672926
3296,1956.3339115081133
3297,3753.094647779839
3298,2820.4886015674665
3299,2185.4517149919266
3300,3342.699946477508
3301,2422.6514597742907
3302,1751.4513123531856
3303,2388.914475492288
3304,3224.8507285088576
3305,2515.6663396293407
3306,2394.9582514652498
3307,3133.4961947267057
3308,2637.215417780206
3309,1995.7388522632316
3310,3643.186298227999
3311,2950.2949319457616
3312,2704.4657124692567
3313,2442.4234310819647
3314,2785.102753612765
3315,2710.5713054141524
3316,1824.4855176279998
3317,2418.6548165067566
3318,2044.7432994654596
3319,1967.9475559618702
3320,3354.2953515950226
3321,3445.747768900399
3322,2469.01078524906
3323,2289.6290859720484
3324,1800.3146112526897
3325,2584.07747795638
3326,2893.2610078950943
3327,2574.334495638199
3328,2055.5616665092903
3329,2502.5202892019006
3330,3025.692845973678
3331,2548.368699831957
3332,3943.8576959473467
3333,2643.7511597023486
3334,2002.4230717734208
3335,2770.935444732655
3336,1820.433157004272
3337,3234.8581716028475
3338,2749.1441773959696
3339,2767.7571697538615
3340,1985.7548186233046
3341,2385.4267500307055
3342,3031.021777348441
3343,3224.0677225406007
3344,2157.521406172567
3345,1888.0515899660945
3346,2322.996260364206
3347,2587.4794329500446
3348,2963.8854234697096
3349,2328.9574297800045
3350,2153.2345284813646
3351,2693.535574666482
3352,2117.0278813289233
3353,3273.73429161878
3354,2600.233859146193
3355,2877.1652981566735
3356,2718.398803900952
3357,2592.45325844872
3358,2434.0584421064864
3359,3610.2403712287455
3360,1868.2880296040476
3361,2860.9371694039037
3362,2064.285629432986
3363,2619.9465570557713
3364,2753.4136853170467
3365,2850.970611197123
3366,2186.683993477547
3367,2395.401456084165
3368,2269.124916008912
3369,3472.9710577588703
3370,3433.3198577459452
3371,2968.9968343626333
3372,2571.9501902397587
3373,2464.6610953121863
3374,2399.4915938707068
3375,3044.942045331244
3376,2213.2902049979125
3377,2579.1809477728743
3378,1995.3143872030664
3379,1917.868308737845
3380,2056.2338654833425
3381,3111.919292250489
3382,1779.2274791686157
3383,2263.0614213724507
3384,3240.0462927100334
3385,3317.377466100716
3386,2487.308196693238
3387,2546.529360256356
3388,3014.6303565489243
3389,2890.634280385175
3390,2591.1206329021325
3391,3696.9659686046366
3392,2718.9386892951106
3393,2279.90880398315
3394,2864.9672296483177
3395,2474.3095586792406
3396,3111.0000751709554
3397,2978.146957215844
3398,1830.0057798927696
3399,2288.0956712252882
3400,2650.6222454137887
3401,2022.841540589736
3402,2322.9605928264154
3403,2611.9157970590427
3404,1992.9215238266056
3405,2650.2735279394456
3406,2283.651793690492
3407,2792.505291094544
3408,2591.020474203916
3409,3141.970049725098
3410,2287.748327318433
3411,3674.54874921264
3412,2183.480098082854
3413,2569.669903054404
3414,2228.4005821417154
3415,3583.975411492685
3416,3103.5787936571605
3417,3172.3158398523938
3418,2161.6829660440517
3419,2128.874190371651
3420,3358.145907120986
3421,2951.4301538965683
3422,2953.990866506859
3423,2996.6113406261666
3424,2370.3108899429353
3425,2195.3291819290403
3426,2495.9310177969237
3427,3843.734492994448
3428,3258.564435567555
3429,2887.1629493769765
3430,3057.826991669871
3431,2613.083735026039
3432,2683.0678092447174
3433,2318.2668443456764
3434,3628.366162585212
3435,3345.2656197821343
3436,2480.438068914999
3437,2209.2501638919935
3438,2430.0692545839147
3439,2060.6613477152846
3440,2906.5158763521
3441,3425.063868185459
3442,2211.1367767257398
3443,2588.907436639265
3444,2313.709438601414
3445,3613.312337751761
3446,2333.1793279619696
3447,4696.414495900464
3448,2158.514934333097
3449,3019.2287735575237
3450,2419.9781997259815
3451,2439.2105996979485
3452,2708.4070147141074
3453,3010.3805931634324
3454,3207.931942459229
3455,1980.1914354176129
3456,2976.4900561360055
3457,2706.09935894719
3458,2138.2940719483686
3459,2173.0413500611603
3460,2962.059770270147
3461,3247.8266343841024
3462,3164.560380535049
3463,2462.3923849069615
3464,1996.5652764332137
3465,2726.2206125461717
3466,1943.55355909164
3467,2268.482967274624
3468,2748.725370296903
3469,2434.4645302570398
3470,2572.2538086711493
3471,2686.646571528522
3472,3290.5321560125485
3473,1433.008022421842
3474,2553.3886827545066
3475,2639.9772798231384
3476,2604.696393402407
3477,2246.391840548544
3478,2127.967938287402
3479,2380.6194130046306
3480,2325.854343748659
3481,2805.4706941903933
3482,2905.4581901944543
3483,2123.2966870388514
3484,2670.453078348304
3485,1855.3656945069695
3486,2891.1261263268098
3487,2768.5537759541503
3488,1885.4085009707526
3489,1631.6979571071975
3490,2522.6130143446762
3491,2635.28838479883
3492,2357.398831334442
3493,2386.248311777934
3494,2234.462123790329
3495,2803.3418522516276
3496,2591.428612003495
3497,2639.3748677877056
3498,2265.2482991943425
3499,2562.7999158215766
3500,2163.269681918149
3501,2093.6473071187966
3502,2171.7975181882416
3503,3147.174262293053
3504,2707.723082100596
3505,3070.191877504807
3506,2673.459505354672
3507,2743.4355135171654
3508,3404.738422363883
3509,2640.26211932142
3510,3140.0820104142354
3511,1891.4489097995008
3512,3034.3616560933606
3513,3179.0124130517324
3514,2530.106654140998
3515,3751.088415341488
3516,2254.538879507302
3517,1995.2409495362838
3518,2164.0207947703857
3519,2447.3476824038044
3520,3179.3639315662595
3521,2036.422620231211
3522,2481.287519951439
3523,1733.27744705104
3524,2763.646342709635
3525,2538.8947246668586
3526,1995.785373996438
3527,2434.2865875091084
3528,1985.1207982758146
3529,3354.021463729474
3530,2793.1122121049757
3531,3409.3338473297636
3532,1890.2195272029294
3533,2035.855937119603
3534,2751.911644233536
3535,3581.0888059621275
3536,2179.9267931814848
3537,2141.2671453135204
3538,2777.868399184572
3539,3462.8426866240616
3540,3272.703761928336
3541,3279.299884446516
3542,2488.1634267532104
3543,2201.999131332537
3544,3054.6915112248025
3545,2620.6484337824704
3546,2108.092879513799
3547,1873.5519169325585
3548,2008.6835126395827
3549,2974.6480496520435
3550,1971.8128843821194
3551,3021.2857832437685
3552,2563.36382182896
3553,2253.284614973476
3554,2448.32062916643
3555,2984.18809175351
3556,2428.577493760313
3557,2559.4930068362146
3558,3429.3773370589333
3559,3395.497275454537
3560,2541.0072027316073
3561,2435.4759810370333
3562,2091.232033816218
3563,2925.008763400422
3564,1992.0817880837565
3565,3003.6489287120426
3566,3449.972565596311
3567,2459.0634545900166
3568,2536.869874175621
3569,2322.7003294591523
3570,2783.7660985434336
3571,3089.7757059982114
3572,2803.113284683889
3573,3468.5253090494007
3574,3927.6459292987074
3575,3104.9455359644026
3576,2225.5437455538545
3577,3198.2683922651613
3578,3514.658140790262
3579,2165.725065642463
3580,2277.6100015369157
3581,3182.556275840545
3582,2053.0583946132565
3583,2353.319751089911
3584,2621.0864738984574
3585,1907.3074486516205
3586,2986.2489195453322
3587,3224.0200231284043
3588,2404.6333380691317
3589,2538.0089279043636
3590,2309.464015483221
3591,2215.615150437021
3592,2460.7723337041393
3593,2020.735341744571
3594,2844.8993598432944
3595,1994.2277950460325
3596,2751.3143054578686
3597,2399.250138590349
3598,3206.7163624850873
3599,2327.676756955262
3600,2667.4875941015785
3601,3021.9114387852105
3602,3512.020767229572
3603,2820.467200093109
3604,2217.679180224726
3605,2414.9668914900117
3606,2109.7408192285475
3607,2126.9410268586503
3608,2508.2723180684998
3609,2893.5244458933803
3610,2824.9477144642988
3611,2034.445814156147
3612,2084.406028808862
3613,2114.032809461502
3614,2170.36309382758
3615,2634.2610245243795
3616,2446.0432753801992
3617,2512.4231876824742
3618,2158.9358458151783
3619,2138.1370977603337
3620,3133.1184313007207
3621,3001.242264011763
3622,2290.8871501756284
3623,3419.549294743044
3624,2725.7039527654492
3625,2448.1098253466025
3626,2991.1414103814423
3627,4281.642488059692
3628,2147.228018218675
3629,2693.120237151593
3630,2898.8433192511743
3631,2994.716208519004
3632,2925.419622366941
3633,2722.124770998701
3634,2155.0906933794977
3635,2285.3340069868473
3636,2202.2035809769523
3637,2563.9464276786143
3638,2802.8652886360273
3639,2169.191312633091
3640,1849.6189111005688
3641,1875.0018971369147
3642,2099.5297173567897
3643,3696.920330069155
3644,2289.103175955065
3645,2312.9145128434957
3646,2098.30185726456
3647,2018.843218919741
3648,3399.3293338205285
3649,3384.38121885289
3650,1797.4658770546325
3651,2375.5523034482694
3652,2716.3999521410465
3653,2648.7653456762855
3654,2709.442656447752
3655,1890.2602184228608
3656,2449.887609264768
3657,3008.0019027738253
3658,2624.9512578186273
3659,2641.3752289641598
3660,2132.6828826247392
3661,2182.014655232563
3662,2218.9621172801144
3663,2531.3027450645673
3664,2175.104601880118
3665,2280.6388919942056
3666,2772.0004017417414
3667,2230.944620575729
3668,2167.587692817216
3669,2178.2102880894136
3670,2412.4065428632657
3671,2003.9867275383372
3672,2852.444708190468
3673,3067.789009612394
3674,2295.930956890061
3675,2467.9278136988023
3676,2741.158202948488
3677,1467.6770308810221
3678,2101.9955720477014
3679,2793.111306469601
3680,2378.2698031532764
3681,2123.062100926316
3682,2396.230726838935
3683,2834.5677620214647
3684,3451.764256986589
3685,3642.515992235185
3686,3289.1870190043583
3687,3092.557118235498
3688,2381.4240445675464
3689,2907.7422758778907
3690,2175.509121178833
3691,2377.806999045199
3692,3628.567880004557
3693,2689.2422242957796
3694,3569.290115547884
3695,2565.023918740818
3696,2823.809558362458
3697,2621.763795523191
3698,2561.514864203668
3699,2375.432721040087
3700,2114.8782713387113
3701,3454.1721728572647
3702,2089.092618558077
3703,3214.331745745031
3704,2499.13924566207
3705,3682.4211363683157
3706,3137.8755323859828
3707,2924.280985640169
3708,2343.678525067603
3709,2251.822515924023
3710,2374.9548177169627
3711,2726.656148875911
3712,1838.5671568341663
3713,2593.7084426616902
3714,2382.62216830909
3715,2082.9354346699984
3716,2359.219219294358
3717,2531.9691957403656
3718,2280.3904352172326
3719,2303.7494111473793
3720,2900.450778236085
3721,2734.3669231594836
3722,2025.720455012352
3723,2384.0245859729025
3724,2801.0436536855505
3725,2502.041664451688
3726,2624.8808159915625
3727,2039.63515658416
3728,2220.230206654094
3729,3033.0032462181457
3730,2086.9926969679364
3731,2193.660986135549
3732,2221.6857475039324
3733,2258.0943981197006
3734,1856.3580553467355
3735,3222.4201615836864
3736,2840.7251085001153
3737,2915.888083247001
3738,1879.7398729066515
3739,2671.585250581672
3740,2422.9189457510024
3741,2067.2418376535384
3742,2988.789896983946
3743,2936.3262803543266
3744,2278.1040235453174
3745,2742.2641647840705
3746,2286.89292860877
3747,3069.244307880521
3748,3273.210503373726
3749,2644.9094322650153
3750,2314.1729020231246
3751,2862.704976635991
3752,2086.0871608739653
3753,2111.8783616229935
3754,2048.005082906481
3755,2040.5216008804287
3756,2141.7114815675586
3757,2794.7486042207497
3758,2448.522929459036
3759,1981.200275823599
3760,2051.1079767748797
3761,2289.562772805065
3762,2065.53657058325
3763,2596.183942307117
3764,2724.4824145281214
3765,3309.69251240371
3766,2241.2910784172363
3767,2515.071358204559
3768,2683.6197674408195
3769,2052.5100767554877
3770,3309.79574538199
3771,3097.570322237513
3772,3765.157840646057
3773,1757.235681993861
3774,2571.0226558281256
3775,2920.182574601805
3776,2605.605742640069
3777,2407.8628630001344
3778,1883.8852696479423
3779,3669.6735671329698
3780,2288.054137512836
3781,2825.199847407983
3782,2536.0982719594344
3783,2728.318242965077
3784,4249.296451409731
3785,2502.4065765526548
3786,2469.706310837397
3787,2384.804473318365
3788,3456.7512759380215
3789,3117.4404630785675
3790,2385.7008436978167
3791,2519.7176220621086
3792,3011.009996091665
3793,1912.7835142679126
3794,2262.005440452417
3795,2496.8609357529076
3796,2419.7499894599523
3797,2633.86347454282
3798,2462.29614259369
3799,3897.5473283660513
3800,1954.0492389002295
3801,3041.4900772702345
3802,2123.39545101723
3803,2113.53322055657
3804,2475.768555869261
3805,2197.4390697872427
3806,1923.4809994063412
3807,2538.3387255078787
3808,2242.7713150590826
3809,3557.3253575981635
3810,2967.337080637274
3811,4792.878560347428
3812,2397.8461181108096
3813,2694.912055677263
3814,3399.356020487944
3815,2647.463996217399
3816,3363.2919267028947
3817,2591.241964221135
3818,2388.350162452358
3819,2765.5025922747245
3820,2238.312105881052
3821,2171.1431371436865
3822,2135.8676076037136
3823,2155.7665702575964
3824,2584.24686260419
3825,2651.432335189959
3826,2421.183320324948
3827,3096.474692086616
3828,2193.1811975118258
3829,3000.3404787026607
3830,1864.3487337974432
3831,3397.0353207221187
3832,1894.6189904726314
3833,3251.972650659686
3834,3618.0061103524736
3835,2298.3001891334206
3836,2193.4991998384494
3837,2685.1707927961766
3838,1962.7536430238072
3839,2106.809899842691
3840,2195.731597740987
3841,2945.25402844937
3842,2866.5646863840875
3843,3096.6800432289956
3844,2923.1219287380854
3845,2594.4172867032603
3846,2667.340370352508
3847,2161.7062657879183
3848,3826.724894907118
3849,2228.922165873032
3850,3166.4107585083916
3851,2287.1032445357264
3852,4264.678528154173
3853,2463.7670170093274
3854,2440.335084615464
3855,2336.339406796002
3856,1982.5207070842189
3857,1877.7141006474087
3858,2124.496239543154
3859,3196.6714139884098
3860,2525.043746001024
3861,2467.7210469840784
3862,2629.6814906971385
3863,2193.1024239172193
3864,2105.698037682875
3865,2359.0934110384956
3866,2272.140960360908
3867,2508.846735113051
3868,3570.7585181909844
3869,3133.199294529378
3870,3105.23596618026
3871,3182.5814024222295
3872,1807.1056545241531
3873,2244.801130127381
3874,2749.0697047597287
3875,3046.3968497586757
3876,3186.0149158770246
3877,2103.1417321715976
3878,1917.7809939884594
3879,2632.419794406339
3880,2205.684590496512
3881,2325.101668543745
3882,1998.941419673652
3883,2585.8749062186616
3884,3178.37052744804
3885,1934.8471218017703
3886,2756.064369843635
3887,2435.17992412063
3888,2061.7108111935854
3889,2004.2739424748124
3890,2707.1623434560247
3891,2206.2743623207316
3892,3010.903142975053
3893,2957.490323697626
3894,2570.3085516636606
3895,2148.303338998115
3896,2963.006393263916
3897,2637.032519660817
3898,2781.6911785561133
3899,2288.4674933614597
3900,2259.7405273979493
3901,2387.89345175732
3902,2147.1722583161472
3903,2031.7649957921278
3904,2056.7086482048226
3905,2081.69984400866
3906,2642.1496632525123
3907,2543.8222798568386
3908,2706.4684106631494
3909,2654.9356105082725
3910,3101.13815754759
3911,2770.949117541325
3912,2505.6810285963534
3913,2231.375531878994
3914,2248.0862069768573
3915,1947.3931547921093
3916,2282.6907441264943
3917,2951.4785761633557
3918,1995.0710257184742
3919,2238.9627952187475
3920,2362.7848916171615
3921,2702.2964890438884
3922,1958.0422937718592
3923,2010.1893579881562
3924,3735.354295082252
3925,3139.1067502410856
3926,2547.3717544693923
3927,2448.5996838922583
3928,2167.1367354553195
3929,2411.461828953926
3930,2544.986400577059
3931,2857.9734772490247
3932,2136.8790811287113
3933,2444.770447632128
3934,2191.3045935843297
3935,2788.288008703489
3936,3306.9262744546577
3937,2487.820213287017
3938,2157.9642780476092
3939,2192.6583429876555
3940,2106.2108864280444
3941,3470.0579935072365
3942,2205.370295101447
3943,2331.5642580196263
3944,2036.5455017539239
3945,3861.884414775889
3946,2588.4992951531176
3947,2078.5716630675065
3948,3032.62984343577
3949,1663.1661089008076
3950,1880.3170313803225
3951,2620.6333081091325
3952,2673.4802654145888
3953,2014.4678885793878
3954,1923.1781439759507
3955,2245.0123687171317
3956,3153.605429056255
3957,1874.1003036961965
3958,1832.0644338297402
3959,2222.927182887948
3960,2676.1214066311354
3961,2003.2542448868965
3962,2840.732229161248
3963,2006.9252609676223
3964,2741.742481134477
3965,1943.0163968107167
3966,3912.900569387753
3967,2285.846500611753
3968,2024.2354066387304
3969,3147.607506012989
3970,2503.5664491123107
3971,1860.2363865912541
3972,2416.3266995190215
3973,2633.3255359165323
3974,2986.636636823283
3975,3826.490105310535
3976,2586.1355172464014
3977,3162.622553204349
3978,2320.8759257512047
3979,2875.397322931999
3980,2404.045940416513
3981,2751.5560017519547
3982,1848.7250572229568
3983,1708.1284590163373
3984,2350.615898895242
3985,3188.869527104377
3986,2736.7272258986955
3987,2800.7728503638245
3988,2650.5680128837507
3989,2844.4638335801174
3990,1578.6780804960752
3991,3648.522215220446
3992,2343.9694152285547
3993,2537.4197208758396
3994,2306.1243290670545
3995,2222.0714171837117
3996,2867.4296593499744
3997,2065.218220710236
3998,3294.055718579492
3999,2137.963318098612
4000,2956.961886220051
4001,2359.998261243988
4002,2486.1143459220466
4003,1846.9821434748092
4004,2164.335166249646
4005,3522.8908392936246
4006,2047.539165277411
4007,3288.0848115307963
4008,2637.734824148857
4009,2840.51280205331
4010,3273.307395356728
4011,2650.446656419676
4012,3446.7133229602196
4013,2008.3899182013133
4014,2619.2490742131477
4015,2270.0491783676375
4016,3600.87025480138
4017,2115.077840570928
4018,2120.8667502582193
4019,2428.506518544078
4020,1826.5331065792616
4021,2227.9881885793766
4022,2163.013351133769
4023,2350.9948589859614
4024,1785.2641789137874
4025,2724.5859512503766
4026,2018.855756115248
4027,3813.5229889662114
4028,2157.653745193562
4029,3277.4604113240657
4030,2895.658320297802
4031,2229.7463149980576
4032,1768.791591245651
4033,2133.6360486370386
4034,3726.1663668180995
4035,3485.5926671223806
4036,3677.8615399404944
4037,2492.907555237022
4038,2208.089208673384
4039,2617.490640379979
4040,2341.1970557361333
4041,3376.3761119736305
4042,2165.3328685910865
4043,3540.05918428858
4044,2795.0190022180714
4045,2399.052861394406
4046,2497.933741867378
4047,2432.5182565065097
4048,2567.943303478669
4049,2662.0911172819533
4050,2092.02263351998
4051,1798.3951346289728
4052,2229.5073915749495
4053,2660.2905332417017
4054,3457.8343402521214
4055,2598.8127444821694
4056,2399.673921591244
4057,2361.346495574943
4058,2922.4969620132497
4059,2895.5998899845063
4060,2788.5439368519665
4061,3290.1422065047045
4062,2682.702589945028
4063,1881.852161501281
4064,3049.76124767055
4065,3085.687522671542
4066,2111.63912747987
4067,2530.116534412815
4068,2455.562548080541
4069,2849.539821847935
4070,3576.808394119552
4071,2317.57304009923
4072,2571.9655468384312
4073,2552.832344701636
4074,2119.5428668033064
4075,2332.8794821885726
4076,1941.4688969638555
4077,3004.482920761998
4078,3232.659404787956
4079,2967.218701013284
4080,2463.497452801609
4081,3596.267019954468
4082,2566.221763678145
4083,2606.2950533749636
4084,2459.12403877412
4085,1860.5491832896996
4086,2265.8512237920954
4087,2173.2609896002996
4088,2089.985998574806
4089,2154.1853163972296
4090,3168.222201061698
4091,2497.496746226001
4092,2175.647277225851
4093,3220.318207126783
4094,3395.983345886185
4095,3387.866503285326
4096,2484.727363957105
4097,2441.3729510420176
4098,2404.9600837864195
4099,2997.3823476246494
4100,2554.03272907872
4101,1902.41591028578
4102,2345.291352513766
4103,3049.010337264795
4104,1703.0066903890997
4105,1786.9462622573074
4106,4116.637750100683
4107,2069.0340947592904
4108,2103.3864157266644
4109,2381.3813310450982
4110,3475.3775870059308
4111,3072.5577445899776
4112,2211.0267203500607
4113,2424.4777703320224
4114,2682.0636395808615
4115,2805.0599908855274
4116,3265.3911501063017
4117,3758.4715032630584
4118,2206.9707969975398
4119,4519.595734186049
4120,2857.2852699466375
4121,2718.1397030924327
4122,2574.025141492786
4123,2465.219042094977
4124,2359.426328822301
4125,2166.775718398662
4126,2067.5014098921783
4127,1906.963052396837
4128,2806.6688260464816
4129,3376.427255404211
4130,1981.4937903691434
4131,3492.9049692980734
4132,3586.29446038695
4133,2080.331134828093
4134,2081.57496494452
4135,2125.1493381692553
4136,3052.3604016467834
4137,2180.1859554499392
4138,2079.973426184094
4139,1841.5796073822567
4140,2175.077204465764
4141,3451.0923370335386
4142,2519.8120231792354
4143,2195.531132502784
4144,2155.2656283717733
4145,2355.3280811249315
4146,3548.672401754035
4147,2863.3817420786127
4148,2256.163488190614
4149,2529.7920833047947
4150,3328.2014430927975
4151,2442.119577900641
4152,3013.6364178664203
4153,3323.527576514124
4154,2774.58260688499
4155,2485.243988533153
4156,2564.7846194317053
4157,2372.321839318287
4158,1946.8277809213287
4159,2739.2471501314885
4160,2454.6526457082086
4161,1901.316159944178
4162,1939.8355320928097
4163,3082.766484541531
4164,2045.5348763492682
4165,3007.0241874499015
4166,2219.4466457899603
4167,2657.613271512737
4168,2471.2176337236547
4169,2617.814447542941
4170,2192.09839735722
4171,2264.2782515286663
4172,1949.3610168562063
4173,2173.6697725331646
4174,4091.484470073159
4175,2142.6022449470133
4176,2070.766483267768
4177,3145.930626140851
4178,2235.2869952237297
4179,2525.3178390471376
4180,1908.7534668415424
4181,2647.1700415488476
4182,2192.363243642379
4183,2293.4235020396563
4184,3282.6086714516896
4185,2091.6246680931904
4186,2334.736574398491
4187,2631.125602201735
4188,2788.9753056665786
4189,2420.2542070397894
4190,3317.8544947645555
4191,2739.275400967293
4192,2771.2935347462744
4193,2081.273035345128
4194,2177.887854631242
4195,2556.562186797778
4196,2326.96138703516
4197,2330.3632898124233
4198,3054.1226713372425
4199,2386.8554544797953
4200,1897.1336992537738
4201,2571.041038669957
4202,1930.1766945159127
4203,2401.530215773245
4204,2688.8503065127634
4205,2721.4921109032366
4206,3467.1416415621975
4207,3343.1442268163446
4208,1939.1017870470534
4209,2447.2759673086503
4210,2991.746773536187
4211,3008.9568814911886
4212,2629.363821081928
4213,2361.1915756090084
4214,2513.6163059278524
4215,2882.739039925249
4216,3279.3349616878613
4217,2151.7901668654513
4218,2076.9745190751682
4219,2614.8847440345453
4220,1822.036781550762
4221,2645.529705658214
4222,2421.2965493155893
4223,2321.8828322990385
4224,3100.2181571404053
4225,2743.357580277656
4226,1902.096347132968
4227,2289.8343368911073
4228,2414.1735415719368
4229,1991.6804887935857
4230,2284.736927469456
4231,2124.7314081580384
4232,2434.141879859729
4233,2197.153248354281
4234,1846.839258552387
4235,2565.4936876462184
4236,2403.144176450046
4237,2172.7598797160686
4238,2349.467427173743
4239,3867.4298477085886
4240,3777.807879694483
4241,1882.7637703038267
4242,2170.2066129284426
4243,2597.5432838644047
4244,2591.7775838137622
4245,2053.4295935274195
4246,2768.2282775119365
4247,2311.9108196712073
4248,2165.990547680295
4249,2474.078932661082
4250,3003.885438672486
4251,2203.583684734343
4252,2678.880538002945
4253,1866.818551824628
4254,2541.6445222284347
4255,2135.5172164812298
4256,3206.5193590155977
4257,2116.0379030645945
4258,2591.960862688162
4259,3085.3161560147173
4260,3281.2528281409623
4261,3239.1593036343
4262,2365.2178371601867
4263,1865.532042947207
4264,2491.4545155739206
4265,2646.3403003879735
4266,2444.145185849883
4267,2204.1995625094096
4268,1808.9144112504205
4269,3568.1314987770434
4270,2291.370413192109
4271,2646.009337924737
4272,2176.258262160463
4273,3332.9580237533355
4274,2697.891390089111
4275,2309.3740558677514
4276,1695.650341088753
4277,2290.1413420805093
4278,2529.8441953627216
4279,1908.5149611893053
4280,3069.075062711966
4281,2503.089916849276
4282,3805.009767138286
4283,3118.5377693220516
4284,2326.4107289756835
4285,1658.5826964818395
4286,2093.512042277416
4287,2268.0004992451873
4288,3053.7965786112272
4289,2247.270782181667
4290,2696.363024686483
4291,2109.352477121162
4292,1990.727877181335
4293,2887.715917574575
4294,3106.2452540416148
4295,3136.984592136138
4296,2103.045212665207
4297,3411.4344277553328
4298,2117.6675973024603
4299,2372.8458809662907
4300,3298.135526453397
4301,2275.559422181028
4302,3304.6422347816138
4303,2962.4013668005127
4304,3280.9706551995005
4305,3445.3721772544895
4306,2294.8194765343583
4307,2396.9564720945855
4308,2232.224251732379
4309,2347.186809247498
4310,2743.7904712663194
4311,2524.3840537806327
4312,3082.994306538627
4313,2632.047945750829
4314,2497.8837291912487
4315,1940.8445257000863
4316,1986.8141745281591
4317,3000.6659101188093
4318,2360.2410579105936
4319,2521.0054893331962
4320,1982.7732699557255
4321,2042.095561637278
4322,3352.5393540330087
4323,3245.5075442757493
4324,3036.7739777019196
4325,1900.038131949936
4326,1824.7947071031592
4327,2597.6636586753675
4328,2691.358521814418
4329,3236.18662355617
4330,2453.4387175339007
4331,3533.7287272478634
4332,2156.5248752418197
4333,2501.931435450736
4334,2900.935713960615
4335,1854.0540271614104
4336,2324.3623263936925
4337,2770.5907274425235
4338,2937.1864544902783
4339,2506.1064516610986
4340,1828.9978836038408
4341,2313.920271978769
4342,2862.0725451233448
4343,2018.5693073705147
4344,2228.73252598055
4345,2241.4154159477457
4346,2094.80603472332
4347,2201.2370051888543
4348,3403.0862775267906
4349,2198.266068588836
4350,1918.3743526630838
4351,2465.211454930864
4352,2275.125638941634
4353,2157.628428889787
4354,2514.1974197232967
4355,2621.305363324959
4356,4133.670402452149
4357,2883.5523686844354
4358,2400.192252886078
4359,2979.6743107279462
4360,2117.1928120783327
4361,2142.7085455374527
4362,2250.732960532001
4363,2140.1505691638536
4364,3395.802092698127
4365,1966.685956300678
4366,3984.9843641244
4367,2294.647512803105
4368,2694.650506513903
4369,1920.3724521385152
4370,2031.7850028390067
4371,2437.6070262487174
4372,3459.0410939474336
4373,1918.9308716300332
4374,2164.335166249646
4375,2174.4394822491595
4376,2318.078461062165
4377,1880.9573528554736
4378,4212.031456207788
4379,2366.8892137508096
4380,1872.885909941919
4381,3600.368848875313
4382,2060.4997969433393
4383,2321.7812023712445
4384,2036.9126755400277
4385,2235.1216768851395
4386,2264.02559025729
4387,2007.6144736313065
4388,2606.917888224779
4389,2905.7312524990443
4390,2627.346151079699
4391,2903.6903965714882
4392,2129.511113497597
4393,2729.00588179253
4394,1724.9747217733254
4395,2955.6265575325915
4396,3354.1835247919307
4397,2946.013478740833
4398,3305.4546848021487
4399,2384.590908826967
4400,1976.0036338545622
4401,2550.110203290497
4402,2240.5758559599053
4403,3225.660542639479
4404,3338.1625698729913
4405,1902.8628595682499
4406,3179.7833399848096
4407,3193.917380562586
4408,2520.6166494563367
4409,2484.98491338388
4410,3552.7725670045584
4411,3136.2513784356406
4412,2052.6204337352565
4413,2129.6638243466055
4414,2682.3221858237316
4415,2298.267693931752
4416,1958.5357699922695
4417,2600.3185678004775
4418,2802.1748777033354
4419,2343.3997532164576
4420,2523.3239968061425
4421,2192.423547399561
4422,2609.7400039864215
4423,2544.7271219221984
4424,1913.895823744501
4425,2166.3941730323695
4426,1939.966623446859
4427,3215.7889398757097
4428,3034.3307655354956
4429,2285.182010524001
4430,1900.851486374315
4431,2090.740093368794
4432,1535.1988487000938
4433,2127.250845729028
4434,2314.6335795209893
4435,2357.0920005827165
4436,2566.739464091213
4437,2650.3130453008635
4438,2666.862066177803
4439,2494.4848094670515
4440,3121.6060448900907
4441,2510.9337911322764
4442,2552.6622849931578
4443,2115.03756803926
4444,2358.462844691469
4445,1936.814144758409
4446,2537.8368052596234
4447,2462.0605176596164
4448,2214.246593225995
4449,2859.41763789616
4450,2920.5711362405605
4451,4045.7295784616767
4452,2717.577064219515
4453,1798.8209459035634
4454,2131.1941771410056
4455,2516.0057877458876
4456,2695.3317974838674
4457,2430.779101783046
4458,2022.2641259504871
4459,2981.152400461112
4460,2724.127714432493
4461,2507.8506512531967
4462,1926.70872709504
4463,2865.686860938754
4464,1823.183912877785
4465,3012.5946433616855
4466,2712.3774614974573
4467,3549.3791740242355
4468,2283.3307416047473
4469,2660.5850930278284
4470,2763.0831788499645
4471,3475.0357609831945
4472,2250.2784944731575
4473,3612.1976708767415
4474,2664.143804355079
4475,2390.570722766354
4476,3188.3320012777267
4477,3404.869990072239
4478,1850.4818294789743
4479,1957.2945263455508
4480,2114.35680861518
4481,2352.6200506966366
4482,2916.863223934217
4483,4763.660714265039
4484,2174.1224882465876
4485,2298.181579086512
4486,2139.353700451966
4487,2832.7610393982823
4488,1920.8236914845256
4489,2399.252500065395
4490,2412.5134661144693
4491,3242.600821465431
4492,1930.0213932048373
4493,1839.5732450055361
4494,2426.274304570941
4495,3515.755081701342
4496,2664.8485583376987
4497,2520.9890078473345
4498,2228.024550350045
4499,2357.1440125374656
4500,2388.838652925908
4501,2395.9839130861887
4502,2114.259428303661
4503,3470.3961056119047
4504,2177.3260573345788
4505,2726.775786906138
4506,2650.59508938384
4507,2159.40292670395
4508,2999.6863970511886
4509,2294.900570010642
4510,2505.814170753119
4511,3159.140291236548
4512,4186.339711653536
4513,2569.727170078868
4514,3035.796816375255
4515,2468.3835139344656
4516,2327.620431546942
4517,2320.172100022365
4518,2997.2694659613135
4519,2058.011995910874
4520,3324.239301287431
4521,2132.3045302910896
4522,2169.474644561328
4523,2742.8930682906825
4524,2989.124847597497
4525,2138.65204254468
4526,2206.510669913948
4527,3582.7321971067367
4528,2630.4543334443606
4529,2940.837330024887
4530,2606.9800845038862
4531,2398.6522353720156
4532,1820.8923309292127
4533,2272.625450207736
4534,1961.6101357937598
4535,2702.7051890932216
4536,1864.7147966942334
4537,2817.981765199159
4538,2001.3245097324261
4539,1868.7116665814906
4540,1860.0393839749881
4541,1858.709246552135
4542,2560.94706143549
4543,2215.789842666848
4544,2883.208865685566
4545,3315.4714928991234
4546,2271.3963698849348
4547,3502.9145237539065
4548,2375.607082368661
4549,2989.39642964396
4550,3001.4175712887973
4551,2581.149613620561
4552,1964.3997622450092
4553,3095.0578805358273
4554,2638.8983994931796
4555,2249.894540608149
4556,3227.002567948469
4557,2161.896077903686
4558,3211.257539653121
4559,3361.9357883540324
4560,2753.3834901222463
4561,2705.8743186662655
4562,1971.7167366061524
4563,2163.86238553405
4564,3180.2604084263667
4565,2164.548258352162
4566,1882.7368213654433
4567,2150.6971752916197
4568,1873.3167408784377
4569,2221.0537570368274
4570,2414.8240058814486
4571,2009.1282656787437
4572,2027.160010597761
4573,2106.6850566520798
4574,2054.2706599949265
4575,3121.260225580161
4576,2360.1277621877352
4577,2383.072480995899
4578,3987.1418390862614
4579,1897.1201744953446
4580,2452.37950733616
4581,2456.1494100037544
4582,3273.0607767895845
4583,2785.4779726599327
4584,2075.46540226822
4585,3443.1055966850945
4586,2048.101633388393
4587,3138.590273940037
4588,2374.2081587909956
4589,2106.0038103493216
4590,2915.1963791206053
4591,2547.612145600423
4592,2980.277281011616
4593,2313.5652942010042
4594,2060.180187154678
4595,2609.0982683626034
4596,2022.9340491223495
4597,2594.691945913599
4598,1842.6584414178694
4599,2293.3762286976184
4600,2437.0520639013926
4601,2430.90994294032
4602,3539.216213105325
4603,1951.1668291748674
4604,2611.1568068272
4605,2646.8057629547097
4606,2552.8134826347814
4607,2446.4240393047594
4608,1863.272874264671
4609,2443.514322321361
4610,2397.7941539792832
4611,3511.79632635003
4612,1600.100046152093
4613,2149.579760009332
4614,3691.197579751204
4615,2037.905383717627
4616,2473.197983006597
4617,2635.8079910464785
4618,2240.6781534616257
4619,2000.236439724744
4620,1944.5058408808616
4621,2288.05316674041
4622,3154.5500712364596
4623,2881.938841904661
4624,3020.960779079821
4625,3072.632754302125
4626,3152.1239947743766
4627,2374.173646111729
4628,3458.5209758501633
4629,2222.1918144305737
4630,1999.4400247033177
4631,3013.671766559065
4632,2650.1417496469458
4633,2150.7826077686423
4634,2369.7906479101034
4635,2665.437194744548
4636,2797.05517583705
4637,2165.5769014906273
4638,2770.8576190734657
4639,4577.855005484626
4640,3062.6369375283493
4641,2566.4821248365197
4642,2252.0995036534214
4643,2082.5872445694913
4644,2254.1620430875673
4645,3178.2183118854095
4646,2664.505208716035
4647,2845.879263791494
4648,2223.760080242276
4649,3079.5792746043435
4650,2762.8971472460244
4651,2952.3255208658948
4652,3374.977886632227
4653,2162.4155961229226
4654,1712.703198573823
4655,3562.8998106558024
4656,3850.509937082854
4657,2363.3026180116663
4658,3212.2454945943377
4659,2862.1038618952725
4660,2995.2149621381304
4661,2301.317255291482
4662,2333.0757719317035
4663,2265.08111199018
4664,2078.5795710416714
4665,2417.868239311064
4666,2446.7731356957393
4667,1971.7167366061524
4668,1659.4335955137947
4669,3019.5066489808805
4670,2570.233330298349
4671,2928.7149144186556
4672,2697.165786828527
4673,2322.1767662883412
4674,2355.753756911175
4675,3042.267214601775
4676,2724.186573419358
4677,1998.3706825563413
4678,2341.813091366027
4679,3508.05517687843
4680,2482.44906277014
4681,3437.594541906001
4682,2933.0999742055424
4683,2140.3776114347475
4684,2574.0315513001938
4685,3217.6747362003557
4686,2082.908413665965
4687,2147.7245808590956
4688,3055.441122616282
4689,2777.005240699129
4690,2019.7347350643015
4691,3070.2642333185313
4692,2654.172876115086
4693,1998.3762568866553
4694,2146.516432120562
4695,2044.8683237249184
4696,2230.264858120782
4697,2388.095608500372
4698,2804.7631744764003
4699,2355.4356789499725
4700,3478.8212873580806
4701,3301.4060376272737
4702,2047.9424692457587
4703,4060.984978448965
4704,3019.333522958715
4705,2789.3573922633154
4706,2623.107516977259
4707,2980.4764471401977
4708,2126.753062185937
4709,2840.417482729292
4710,3068.04686447727
4711,2776.712863255868
4712,1961.805453503712
4713,3354.3117865749114
4714,2958.365009960162
4715,2316.4538318511086
4716,2487.335283474073
4717,2219.939043141342
4718,2374.2081587909956
4719,3112.626943650759
4720,2794.2830864268963
4721,2590.840364008747
4722,2204.9077935078562
4723,2895.5150736730893
4724,3092.8774836562798
4725,2910.610059748724
4726,2793.8551219087703
4727,2228.135759837546
4728,3153.1308604362785
4729,1906.2022041092864
4730,2250.3215663883293
4731,1869.4000797506305
4732,2216.558919861672
4733,2614.083220846711
4734,2418.5220190792506
4735,3133.876657752574
4736,2655.85443507304
4737,2942.0985195716685
4738,2866.4691229381415
4739,3143.6355554635766
4740,2399.3995643985445
4741,2290.4793919526264
4742,1923.219113095503
4743,2166.2238683996065
4744,2191.95821528711
4745,3213.710655147541
4746,3266.7027222492206
4747,2024.614059711604
4748,2809.263343453299
4749,1999.0820723785896
4750,3162.845866438228
4751,2045.168814544488
4752,2651.357949592477
4753,2973.2774329219283
4754,2355.446656245427
4755,2382.004262103046
4756,3201.363663920826
4757,3663.35579833562
4758,2928.3414819456
4759,2032.9172536703252
4760,4302.307732772146
4761,2287.6703491327767
4762,1827.5950894372354
4763,3020.116075672576
4764,1861.7321896635885
4765,2754.644829580328
4766,3237.615562188259
4767,2352.7123258674574
4768,2524.4053597651236
4769,2650.1409900903755
4770,2685.201659553198
4771,2087.882988183073
4772,2441.2553403722018
4773,2115.9299066935296
4774,3234.4211557689828
4775,1952.9759009776553
4776,4208.882123252557
4777,2054.5141792051686
4778,2731.249586553203
4779,1794.425486452646
4780,2219.061115264127
4781,3754.647894246176
4782,3277.363734972992
4783,3285.6211337012073
4784,2447.853970501358
4785,2465.8696169975797
4786,2880.093442677212
4787,3519.131753326943
4788,2302.6199759287038
4789,2636.788389251938
4790,2769.7764300950457
4791,2242.7339643224077
4792,2609.241406672114
4793,2181.221305899427
4794,2440.13640493982
4795,2407.2887336802896
4796,3208.3326409387078
4797,2651.8707176907437
4798,2084.9291362934296
4799,2514.2200181501375
4800,2090.4853634199303
4801,2755.792498994235
4802,2192.3918288563677
4803,1850.827033956512
4804,2512.787216190744
4805,2149.469465112752
4806,2514.118868129198
4807,1924.2656622645281
4808,2667.8758836798215
4809,3354.003592466182
4810,2324.601455895411
4811,2425.1197777837583
4812,2519.379517041678
4813,3367.6392150702823
4814,2130.7637671609236
4815,3583.0113624005235
4816,2722.601674844772
4817,3446.822513742224
4818,1857.7465417150408
4819,2358.512061009046
4820,2301.648118705344
4821,2131.9651006569743
4822,2143.683605303421
4823,3416.5875716325427
4824,2775.0264854123416
4825,3005.6441370334915
4826,2632.753008825597
4827,1963.7673486738636
4828,2212.61568864498
4829,2159.683318871728
4830,2550.110927075166
4831,1808.936260988209
4832,2591.093063557769
4833,2330.0638691622653
4834,2647.6606964366047
4835,2488.5182365597498
4836,3106.5739498663174
4837,3204.5331377836255
4838,4144.0185101304105
4839,2896.5982742174974
4840,2339.5652580490955
4841,2681.2759528550896
4842,3211.4749193735383
4843,3167.2148602661077
4844,2304.283351170758
4845,3641.591766512767
4846,3233.359571513196
4847,2391.8945189729684
4848,2698.901060790033
4849,2345.1005369732165
4850,2599.425944179865
4851,2620.3707011826127
4852,2588.7424433277347
4853,2369.157888217757
4854,3515.2007779615674
4855,3153.8165880631077
4856,3798.3395433340165
4857,2828.243914268377
4858,2885.8424054239517
4859,2243.4876437737234
4860,3359.6529467084392
4861,2399.5399135357984
4862,3507.4843030481024
4863,3997.789047434666
4864,3045.114909223623
4865,2902.916706056936
4866,3450.6052443286367
4867,2674.6437406265018
4868,2295.9177235464226
4869,2767.269889739667
4870,2495.537663058684
4871,2714.00729130664
4872,3594.2324902970754
4873,2236.732113583868
4874,2396.3088125345303
4875,3022.6998214330415
4876,3948.5794784244645
4877,1237.7829567899826
4878,1898.7884193870307
4879,2089.2267520364117
4880,2544.8634118255072
4881,2158.625642848837
4882,2754.7636388795327
4883,2555.2774845342933
4884,2964.291854325903
4885,3269.878192854204
4886,2994.321119302317
4887,2044.9047394718086
4888,2545.1454265906254
4889,1822.6847612715326
4890,2201.3566310617266
4891,2167.089976895461
4892,3116.0781490631575
4893,2834.701549649658
4894,2331.631144223563
4895,3884.920812717165
4896,2691.779153772058
4897,2754.019580380973
4898,2434.759330568021
4899,2264.210331756839
4900,2495.631141829268
4901,3295.613312487958
4902,2479.3582396423253
4903,2127.069290031471
4904,2105.7357869832795
4905,3585.1480568365196
4906,2058.5168560942748
4907,2545.805303286088
4908,3175.3560430542275
4909,2508.655778290582
4910,3290.0495300083003
4911,3431.49134950603
4912,1893.0566670547346
4913,3226.609439124388
4914,1953.5369362256604
4915,2277.1529255975365
4916,2198.3491530788865
4917,2186.7345270577093
4918,2289.6290859720484
4919,2520.728641905376
4920,1960.0457905679664
4921,2029.8985573010225
4922,2947.835983697653
4923,3119.382366616931
4924,2058.6817241004364
4925,1978.419998958602
4926,2411.6122610658285
4927,2029.800500751938
4928,2514.3899380473795
4929,2633.637142859198
4930,2632.978027612189
4931,1943.3907307178386
4932,2728.420985005882
4933,2299.6100867531813
4934,2501.4621263335493
4935,2719.849898832118
4936,2193.602607358803
4937,3470.4786854422646
4938,3756.603892155449
4939,2299.1057851323512
4940,2664.1028132609936
4941,2547.541484979958
4942,2009.3874842947603
4943,2313.029943627184
4944,2211.576549626926
4945,2998.900751049683
4946,2078.3405055821636
4947,3329.7069220472354
4948,1954.8877423062343
4949,2275.1310424638336
4950,2306.3740274790657
4951,1915.0774606838202
4952,1680.3474508595202
4953,2896.096653860591
4954,3164.844342915992
4955,2136.972202547106
4956,2272.2112017333566
4957,3119.41970867297
4958,2835.6919835568724
4959,2307.5944016083863
4960,2863.4196143516365
4961,2911.2021423343344
4962,2483.3883116641255
4963,2565.678779339539
4964,2444.5144479579903
4965,3394.678288297863
4966,1708.4119206706246
4967,2237.20980747058
4968,2547.4575705762363
4969,2369.8045783584075
4970,2334.770718168063
4971,1944.3210143608399
4972,2172.6958657001446
4973,2366.9348347370387
4974,3045.5594891573505
4975,2859.599867962966
4976,3519.785080100004
4977,2591.428191274592
4978,2416.084825835728
4979,2223.661342898433
4980,2976.4388230524833
4981,2430.6324781949206
4982,2392.169063855117
4983,2542.323789372822
4984,1896.5660298532803
4985,2511.693076287524
4986,3079.0646431537043
4987,3377.153072644872
4988,3346.9746971147297
4989,2191.9866313858724
4990,2579.0370454058875
4991,2239.9903210519365
4992,2473.7090423291525
4993,3460.436099062589
4994,1987.379308893108
4995,3525.6276376849873
4996,2299.2810978787
4997,2520.46845174335
4998,3321.2459310836775
4999,2390.896593625031
5000,2440.5537158135025
5001,1888.8348721962832
5002,3737.96396806196
5003,2474.3293397065613
5004,2638.256639501543
5005,2322.0263111091053
5006,2734.0462276928292
5007,2181.0411814627405
5008,2977.674022554028
5009,3308.8639309285845
5010,2670.6094472312716
5011,2693.7949062957914
5012,1876.4132019248518
5013,2858.181826843483
5014,2460.2125676861965
5015,3278.9726992646183
5016,2058.6644971596324
5017,2650.5680128837507
5018,2256.7933836448774
5019,1960.7719098211376
5020,2750.8761686543867
5021,3801.092141369166
5022,2453.829654902814
5023,3213.6464647572348
5024,2170.328521314577
5025,1806.6658046914292
5026,2290.496810971127
5027,2250.8349671706233
5028,2810.743584455911
5029,3531.113726745213
5030,3603.515077886358
5031,2228.183588015062
5032,2252.4388424546696
5033,2164.9571245645393
5034,3505.6841101215814
5035,3342.312172174208
5036,3469.0482490552145
5037,3025.6419351482386
5038,1983.1607049218758
5039,3763.8830103937808
5040,2852.6296507620764
5041,2523.9901487752036
5042,2612.1967686470325
5043,2875.6153797059537
5044,3071.1425822375477
5045,2442.994284420616
5046,2109.9411802148707
5047,2820.8795414987408
5048,2220.230206654094
5049,2723.330373819864
5050,2465.0794146008207
5051,2519.3624890936408
5052,1949.6559165726917
5053,2458.948025991761
5054,3237.7041886376137
5055,3088.4410467907046
5056,1550.4893025165632
5057,2997.349771223593
5058,2566.801252223294
5059,1829.3759154020736
5060,2715.2171655888487
5061,2427.035386443047
5062,2573.547843699618
5063,4015.556488025517
5064,3696.5535022295135
5065,1928.1062977015742
5066,2013.7647425809673
5067,3223.329419879116
5068,2098.0718281813224
5069,2459.4372387560884
5070,1853.957867385191
5071,2434.0032734029205
5072,2087.309203719473
5073,1949.668253313109
5074,2943.9991443380504
5075,1767.1369989163984
5076,2836.483349398848
5077,2969.0357834012184
5078,2527.359425674149
5079,2425.642063309743
5080,2268.4120657704225
5081,3445.636186188848
5082,2653.6071141242433
5083,2273.0935348341977
5084,3572.3299544750244
5085,2493.6513917878174
5086,2819.7841930405257
5087,1912.0915750470604
5088,1822.6949980121385
5089,2399.3842789288337
5090,1807.7387266832031
5091,2403.2070742499304
5092,3814.435721887361
5093,1894.8352408418386
5094,2085.4479639140554
5095,3412.0231297196124
5096,3250.001240448441
5097,2755.602924565007
5098,2381.861628323367
5099,3737.0321602475906
5100,2348.1443982578776
5101,3011.1475160887653
5102,2642.616789569693
5103,1980.9100179127302
5104,2192.945070739999
5105,3446.6524956028225
5106,4174.53553852553
5107,2154.488379160294
5108,2522.481655534005
5109,2350.397740446567
5110,2052.098788868212
5111,4176.716050594711
5112,3273.3148956608757
5113,2346.096911281419
5114,2156.7974688999266
5115,3084.597717606437
5116,2677.26532780305
5117,1509.2881915729101
5118,2440.4160219217174
5119,1803.5356613378895
5120,2926.077894045614
5121,3228.8309167357547
5122,1938.0248509651267
5123,3149.1634896191745
5124,3077.282036172095
5125,2225.9602792846126
5126,2336.820258929319
5127,2398.9570978268503
5128,2605.9765437605984
5129,2034.6811791652472
5130,2420.955532272694
5131,3388.8549934444
5132,2111.6487642030183
5133,2501.1153551269526
5134,2397.950533374309
5135,2275.154723755407
5136,3304.1680175568495
5137,2494.2396476010595
5138,3105.9091506679806
5139,2243.4703407801917
5140,2256.3258649711106
5141,2771.1677463271476
5142,2732.947697310997
5143,3351.21755287543
5144,2131.4695178386564
5145,2534.9126566878185
5146,2979.0545113645976
5147,3260.3002658633286
5148,2567.5427085031897
5149,2229.0780055125597
5150,2011.2350350967026
5151,2546.143013641199
5152,3796.7088604027003
5153,2828.0332534004638
5154,2499.7462356724486
5155,2731.673693430347
5156,2799.9387546202815
5157,2349.076789646385
5158,2173.1220602631847
5159,2639.9563950876973
5160,2546.0577030581962
5161,1913.8689375882855
5162,2787.968401868327
5163,2010.26611614877
5164,1995.813188796275
5165,2586.6189745567644
5166,1718.7718709488345
5167,3287.2772674858047
5168,3345.790829405358
5169,2874.150259083649
5170,2679.9748281125744
5171,2118.5803621996943
5172,2883.5343838919803
5173,2109.7147918759983
5174,3369.7163882242344
5175,2889.613563291637
5176,2161.273588444328
5177,2127.247455093784
5178,2014.1664440254553
5179,2233.31440919524
5180,2093.5106265611685
5181,1928.7531182439252
5182,1780.3076238920464
5183,3094.9077750506003
5184,2577.339895952934
5185,3150.7115043212175
5186,2660.004364039298
5187,2033.4802832989353
5188,3224.776948729037
5189,2633.7519819513145
5190,4485.569189826222
5191,4016.5408593936318
5192,2863.8642954604284
5193,2033.7670024358117
5194,2312.728278576442
5195,3026.227855363164
5196,2719.8841739737372
5197,1837.668611872868
5198,2239.9431469731894
5199,3532.8690273127177
5200,3023.9031641344245
5201,2495.330969880858
5202,2527.4845852836806
5203,2629.6959488647494
5204,2665.0985900581068
5205,2828.881385860598
5206,2943.48553031501
5207,2093.1724251838154
5208,2600.9551325486195
5209,3369.128210058307
5210,2455.378015574388
5211,1983.7248100355444
5212,2268.769853142875
5213,3408.840151179062
5214,2373.8971489380983
5215,2049.442496217177
5216,2637.999455951255
5217,1973.3612208193076
5218,1858.6765161101046
5219,2333.622401792976
5220,2112.322790047154
5221,1850.3176817089034
5222,2884.9105870810827
5223,3300.073424827923
5224,2736.0890726775438
5225,2265.3258603301715
5226,2774.3451593809514
5227,2183.250224487143
5228,1905.5693371408283
5229,3223.415049646662
5230,2333.833549649498
5231,2100.9739542365787
5232,2169.9749258891525
5233,2653.272292193815
5234,3338.744321958846
5235,3686.1528718486497
5236,2546.57327595165
5237,1912.9463402761785
5238,1951.227892288239
5239,2326.21868404029
5240,3369.579792857059
5241,2874.7557843222967
5242,1964.7721158815075
5243,2201.8790013278895
5244,2079.767856749105
5245,2760.808570293457
5246,3002.252092326032
5247,3800.181225818346
5248,3165.1834352542237
5249,2167.0681977197837
5250,1923.3732260732304
5251,2734.410881284115
5252,2248.1982453849737
5253,2223.4722397115984
5254,3372.470797706267
5255,4258.130369406419
5256,2485.251170097749
5257,2683.540394247493
5258,1973.7460888921373
5259,3454.6475801717665
5260,3843.7676084627424
5261,1772.8497148894726
5262,3125.1360363433914
5263,2146.1616682798845
5264,2196.308181759856
5265,3538.6354671932586
5266,2341.359344661937
5267,2463.0625489160966
5268,1931.2026026086562
5269,1759.8370528322214
5270,2629.4202302926146
5271,3101.462590937579
5272,2019.0737983883582
5273,2541.261354100544
5274,2410.282389762996
5275,2763.4654758433107
5276,3280.939388836059
5277,3546.796103454909
5278,2039.4600390555825
5279,1898.0969377079816
5280,2805.3567008012046
5281,1854.1718127960062
5282,2793.6838425182154
5283,1961.3830077172984
5284,2876.771390478674
5285,2006.9674770792037
5286,2430.38757287959
5287,2053.576610651642
5288,2470.3189056104493
5289,1954.0028600836786
5290,2676.4764144573896
5291,2079.0798250755265
5292,2746.537035404593
5293,2186.546692558926
5294,1986.1890617223844
5295,2103.738080732547
5296,2759.1354076336593
5297,3349.3331768994267
5298,2007.0347846002378
5299,1921.3624471404783
5300,2364.9361792346635
5301,2047.3790152114664
5302,3303.0842741163165
5303,2507.2156314668655
5304,2881.0731077753962
5305,3513.213143767552
5306,2905.2069381159927
5307,2559.7673170682556
5308,2299.0639166455067
5309,2794.6641406433573
5310,2546.2615837350104
5311,2964.378045733273
5312,2459.0806103246855
5313,2349.2033716457013
5314,2054.016838430287
5315,2397.2327966697944
5316,2673.8292635677735
5317,3063.6675969936323
5318,2644.8858568976375
5319,2260.309381489738
5320,2830.028119636242
5321,2088.4314228244657
5322,2319.6937699786977
5323,2199.8761043120494
5324,2087.0907757581513
5325,2125.1720017724874
5326,2205.150540943948
5327,2149.259909535993
5328,2745.8661374191634
5329,2570.032410627184
5330,2020.6032524409936
5331,3305.589083053078
5332,2305.189283858788
5333,2068.6294784290462
5334,3309.641545197349
5335,3035.591130354741
5336,2348.8865855812264
5337,2241.0868491851534
5338,2208.847612635573
5339,2237.017759551783
5340,2762.6674513130993
5341,2712.759313156156
5342,2420.332921838606
5343,2873.8182346740023
5344,2460.2787136465713
5345,3089.373071748261
5346,2404.633817761268
5347,2235.1486989263785
5348,2685.0254938654116
5349,2704.9302551869578
5350,2499.0719590084286
5351,3131.468570751048
5352,3654.7862616900707
5353,2485.423487804065
5354,2790.924598992851
5355,3025.948565485297
5356,2659.2940342322463
5357,2069.350544542035
5358,1978.3646157318665
5359,1929.7548501383158
5360,2968.253713270417
5361,3808.8904306978698
5362,1864.4444221081612
5363,2739.7160160231074
5364,3312.814085594403
5365,3103.4717145114228
5366,2248.15147700149
5367,3824.7762209762095
5368,3018.5656763681045
5369,2077.90876606549
5370,2748.7559849119175
5371,3153.3185014703768
5372,1970.8604807832755
5373,2306.828830460933
5374,1975.5155105017418
5375,2635.5202778554703
5376,2278.706780031451
5377,1858.1086880709904
5378,2031.7504784228072
5379,2020.6032524409936
5380,2196.990734403018
5381,2258.8504300635555
5382,2019.4995997991077
5383,1894.1789533406184
5384,3125.444047519946
5385,2142.8022633085357
5386,2133.5733144050155
5387,2170.660703574431
5388,2490.791048824145
5389,2821.9116805616786
5390,2001.7967402334627
5391,2838.61385459001
5392,2004.3170510655018
5393,2510.566746508621
5394,2774.5081334960787
5395,2667.478883304505
5396,2911.44505411897
5397,2347.8814924116696
5398,2220.230206654094
5399,2708.387554875075
5400,2556.8804298689133
5401,1858.496097451274
5402,2378.5646533239296
5403,2763.0650109839326
5404,1790.0815230982948
5405,2261.173202560487
5406,3645.4936039838476
5407,1930.7966945715866
5408,2161.5384691888376
5409,2664.1109441008166
5410,2029.6719142254146
5411,2479.7303062162673
5412,3280.304777536873
5413,2684.4658132970567
5414,2226.6918736879834
5415,2204.802147241252
5416,3197.7074234105894
5417,2681.2962248703843
5418,3184.219417802813
5419,1828.0921779908117
5420,2462.563008519168
5421,3278.527849267388
5422,1846.2942844686545
5423,2984.804617948045
5424,3026.1997410210233
5425,2010.4959273740262
5426,2622.381846917615
5427,2446.1692575385528
5428,2144.3669924434225
5429,2576.2090620737017
5430,2130.111781813416
5431,2330.5415622331
5432,2788.8460933157303
5433,1934.006860384938
5434,2585.1381102904643
5435,2238.1051358402883
5436,2846.210342184131
5437,2448.7904493545325
5438,2609.9554842884854
5439,2491.8204291089287
5440,1853.605057277392
5441,2556.923363280514
5442,2047.2131977032468
5443,3250.9645678958386
5444,1269.9539546401152
5445,2577.5855227609914
5446,3893.2661089855087
5447,3031.6264858448085
5448,2072.177350208389
5449,2588.768456249451
5450,2366.8955000328015
5451,3514.607041931682
5452,2143.9725388416027
5453,1833.8271698323297
5454,3250.1425980910353
5455,3098.4784435022398
5456,3221.4250647042563
5457,2144.8880777988
5458,3156.286680397986
5459,2541.475924800578
5460,2913.749930683946
5461,2577.1637174653933
5462,3302.0253149967166
5463,2180.8982381963074
5464,1875.0018971369147
5465,2090.345916929159
5466,3130.233005994336
5467,3193.7742140199525
5468,2224.3637132267945
5469,3194.0239769717123
5470,2644.460654419042
5471,2262.2641037209632
5472,2671.7817913261815
5473,1871.334262467853
5474,2167.8128339711006
5475,2150.9905624448807
5476,2801.5824762043017
5477,1998.1350346477727
5478,2483.833112546803
5479,2127.909677722296
5480,2084.7060718022453
5481,2329.7282330474336
5482,2355.1892381647594
5483,2140.1908004969887
5484,2109.807014853078
5485,2383.154982220813
5486,2619.2298901700688
5487,1989.6943160722087
5488,2078.8620233611255
5489,2690.520835729958
5490,2428.992143251045
5491,2071.5966648360945
5492,3813.3752519242116
5493,1958.2079987655102
5494,3396.3352568846794
5495,2594.689621910564
5496,2439.8900417537725
5497,2180.5832064560454
5498,2774.4188234182543
5499,3803.5572656081367
5500,2883.9459259520786
5501,2104.249411291398
5502,2706.188431946699
5503,2491.7893526330054
5504,2856.77114775176
5505,3105.4479730054054
5506,1818.2612324790657
5507,2849.3249609230666
5508,2224.7817358905804
5509,2354.114001254886
5510,3447.496199474418
5511,2083.065616750653
5512,3083.535680511365
5513,2197.2568641631797
5514,3752.9588496710785
5515,2788.167115965758
5516,2417.3515911821323
5517,2666.5359113918676
5518,2503.495512237476
5519,2067.9399761937957
5520,2585.547802792751
5521,2250.5261870483714
5522,2488.007145511101
5523,2795.505859322527
5524,2152.879917139574
5525,3585.2011306208874
5526,2815.947334821456
5527,2874.6351406949652
5528,2507.081230774174
5529,3136.2503316708817
5530,3641.4410954558675
5531,1854.3617316994118
5532,3235.3436315416047
5533,1868.657816143367
5534,2046.1191275224683
5535,3668.759201545249
5536,4103.675023205553
5537,2372.803225680833
5538,2496.459756731611
5539,2451.151456752305
5540,2638.178952917724
5541,2767.191485231959
5542,2851.1030238742796
5543,3388.0931872959773
5544,1907.936219826429
5545,2661.3499116482462
5546,3160.984846825522
5547,2381.1728617069066
5548,2439.7715236008034
5549,2356.954791748303
5550,2046.2892139333535
5551,3064.356213127968
5552,3833.6128492076896
5553,3016.7182365218277
5554,3760.8880353862123
5555,3015.1046039483344
5556,2241.8054543984194
5557,1867.7879577019414
5558,3812.854633599919
5559,3418.934390842509
5560,2822.9557739616994
5561,2785.0385524499666
5562,2098.6344485886684
5563,2029.9812336262753
5564,1997.7300692018616
5565,2838.8081912779976
5566,2769.608389597424
5567,2468.738867496708
5568,2570.776820963644
5569,2231.0540401044327
5570,2018.3825312904355
5571,2198.9400945558627
5572,2080.0427582436387
5573,2859.436885608099
5574,2135.894762431927
5575,2699.6379632159465
5576,2362.332386525626
5577,2099.383132457181
5578,2170.381834270614
5579,2447.368243544736
5580,2925.7209607311524
5581,1928.8330146571332
5582,3263.732608274231
5583,1850.654812639279
5584,1928.9052262748837
5585,2581.7332165468606
5586,3052.946135012271
5587,2231.2599263410802
5588,2820.168343784152
5589,2896.006224473147
5590,2603.851101965829
5591,2288.029812115904
5592,3058.078460895211
5593,2769.282623984323
5594,2018.7645542112218
5595,2358.9833513790577
5596,2036.0720916151818
5597,2410.1332347024963
5598,2094.933004228298
5599,3234.055006082708
5600,2087.055820730151
5601,2059.1993348005135
5602,2254.582156450504
5603,2076.8011249994524
5604,3174.1448658611043
5605,1980.8146239768553
5606,3086.6155565073977
5607,3175.2419773600895
5608,2151.140183505585
5609,2364.819384549294
5610,2466.44115242708
5611,2183.0857829078373
5612,2305.542315553419
5613,1933.0804892111998
5614,3249.166501624367
5615,2077.6669269046624
5616,3062.831034435029
5617,2614.8327965103817
5618,1943.1141450989057
5619,2399.336720803719
5620,2916.943158264609
5621,1965.7301065235602
5622,2166.6637948453595
5623,2469.6092085362066
5624,2173.055181905468
5625,2438.6802513951966
5626,4029.4436398917214
5627,3156.1079900840314
5628,2905.1385160105615
5629,2495.77002218795
5630,2856.921267257555
5631,1909.67338848814
5632,2719.408507137331
5633,2752.994965180255
5634,2705.7160858352045
5635,3270.992223792855
5636,2226.3225261422294
5637,2433.647079521675
5638,2504.265443198065
5639,1938.2205070476148
5640,2483.7056444495333
5641,2303.021022727354
5642,2178.1618323962816
5643,2864.5232989228125
5644,2329.1833158349964
5645,2340.799162680674
5646,2921.7840160416818
5647,2582.8018348420364
5648,2972.9462868932806
5649,2836.9493320936263
5650,3325.071450924973
5651,2532.643738551441
5652,3309.2214382049206
5653,2561.117250710221
5654,2352.336730469728
5655,2542.3805039664676
5656,2370.6000610758774
5657,2511.0186746302143
5658,2663.165702443195
5659,2523.299914850344
5660,2137.661334473932
5661,3160.8771486993437
5662,2703.527070695647
5663,2320.9848157493193
5664,2942.2699595504823
5665,2071.1071591180134
5666,2148.7610877730212
5667,2066.206708624951
5668,2286.010534531129
5669,2288.59075452529
5670,1620.4409053217612
5671,2685.2594287001125
5672,3460.719473113403
5673,1949.827711604552
5674,2507.553866052713
5675,2470.228019132875
5676,1721.1823982062035
5677,2801.9049149468983
5678,2269.026613966122
5679,2223.0788116419444
5680,3245.5959296562673
5681,2610.791273947539
5682,2378.632373240872
5683,3870.1109339460863
5684,2440.1331062095314
5685,3624.7030693829192
5686,2630.8423674609985
5687,3459.8107672580586
5688,2014.0732097641726
5689,2258.0560297552834
5690,2532.5517275133834
5691,2957.4872789719725
5692,2787.5616302863345
5693,2116.7809925101665
5694,3115.9213248543674
5695,3510.5873729969753
5696,2427.789326413623
5697,3094.810625968392
5698,2335.0001559299394
5699,1946.836262642645
5700,2729.5467653907717
5701,3127.7157101917546
5702,2245.513635230276
5703,1858.9641556621925
5704,2695.1295867029667
5705,2053.4004862001666
5706,2002.5393223139802
5707,3213.2672701058314
5708,2685.943460694196
5709,2615.3252918569924
5710,2647.1815692274395
5711,2481.647481330017
5712,3611.3823185525407
5713,2629.5422193802533
5714,2030.2301437634023
5715,2293.1142382331377
5716,2555.6320101357583
5717,3875.398262740184
5718,2060.125752877808
5719,2488.466868639262
5720,2399.747552253604
5721,2464.652383463327
5722,2290.0092003080636
5723,1580.4843538805217
5724,2395.749183507072
5725,1886.9072956455316
5726,2127.6173289270746
5727,2580.0147680006594
5728,3034.072559924418
5729,3235.788314117691
5730,3127.6864694864935
5731,2369.6868022907456
5732,1850.6230551268368
5733,2124.544987659258
5734,3647.358685570945
5735,3289.4040932163084
5736,2038.222584631436
5737,2440.270053126297
5738,2185.610533515532
5739,2453.8415562708633
5740,2026.3501632865664
5741,3116.1648198084167
5742,3953.782522806334
5743,2337.3921108219265
5744,2140.721234808774
5745,2163.925816058415
5746,3458.9441960965178
5747,2508.9981773279187
5748,2281.315234649115
5749,2007.738846254324
5750,1888.894664884368
5751,2272.697117899622
5752,2312.717990810967
5753,2677.302918853303
5754,1802.5947020474282
5755,2273.575422517397
5756,2358.841070627237
5757,1900.7682486518352
5758,2659.8308750657443
5759,2459.3479729891546
5760,2157.016772667418
5761,2187.2539999861065
5762,2438.195561904032
5763,2278.625182699767
5764,2158.628246772532
5765,2182.248230047943
5766,2905.024968276339
5767,2670.2036017483247
5768,3028.5991155568126
5769,2231.3001348237276
5770,2191.1119136311663
5771,2710.1207120893937
5772,2697.7543773023363
5773,2588.689899247348
5774,2445.272555821137
5775,2407.607710460187
5776,2680.0776545978556
5777,2866.706108957592
5778,2144.527442163558
5779,2684.1228373430095
5780,2029.9891553493715
5781,2765.0339439324453
5782,2033.6139718571767
5783,2378.9642729871425
5784,2174.8119060951185
5785,2475.0661622176403
5786,2058.521704241316
5787,2621.546811239803
5788,3446.619020231735
5789,3851.5429489409976
5790,2578.9794118989034
5791,2233.6131066864928
5792,2191.2390646986178
5793,3008.797837331911
5794,2768.4170411281616
5795,2408.9090636264045
5796,3347.38399100917
5797,2993.464259256913
5798,2683.564972993184
5799,2398.4280859057985
5800,2176.360387761627
5801,2393.524198853211
5802,1801.2192071090817
5803,2169.4958030838493
5804,2544.4772295832586
5805,2325.2450767454466
5806,3177.5510089343816
5807,2156.749114467665
5808,2382.1763841056136
5809,2281.769922611423
5810,1783.481769566436
5811,2539.7834518133686
5812,2688.597772996359
5813,3245.3392617930194
5814,2376.039952460675
5815,2186.3333749223325
5816,2668.517869463388
5817,2588.6498824700166
5818,3037.8802613889993
5819,3293.955087306438
5820,2512.5064937630145
5821,3552.437558662018
5822,2179.133956430781
5823,2198.1802417694103
5824,2916.558693958348
5825,2656.7817748224625
5826,2591.978003653542
5827,2082.107458147413
5828,2774.6195665798423
5829,2697.8586843212515
5830,2847.093196680087
5831,1982.4174764835402
5832,3321.497085225588
5833,2558.5736884092994
5834,2147.164078015541
5835,2106.4084758843846
5836,2270.3105983245464
5837,2108.3617436752315
5838,2364.0160159575134
5839,2392.8591311056957
5840,1740.8268573442763
5841,2096.310926830081
5842,2214.8301777505962
5843,2731.9411204239736
5844,3977.861104404148
5845,2544.597442281871
5846,3137.396928507308
5847,2017.9943588070644
5848,2350.5234016518725
5849,2518.9817963547875
5850,2488.193648769089
5851,2769.8864228071043
5852,2156.446388369462
5853,2385.52764532214
5854,2028.8479649767357
5855,2975.5750648712155
5856,2593.544057213687
5857,2531.1046037041588
5858,3029.788510332802
5859,2993.2853882266763
5860,2279.621401196728
5861,1959.6105881837957
5862,3616.573935853142
5863,2393.4257146777086
5864,1830.8396218013636
5865,1585.6831660571074
5866,2934.6382036519517
5867,2778.336455057825
5868,1386.701094066957
5869,3239.2954655519275
5870,2175.2232629844866
5871,1995.6332242732665
5872,2392.114048878452
5873,2381.221864158637
5874,3022.1575059523298
5875,2172.2812053239904
5876,2909.9080777382887
5877,2740.5952492288525
5878,1897.4700618096608
5879,2867.1463204705533
5880,2115.8695158547134
5881,3193.3666461027788
5882,2455.9043647565836
5883,2297.726989630032
5884,4016.687723777536
5885,2439.624813415853
5886,2995.567691113636
5887,2699.736178027323
5888,2634.34539008509
5889,1964.9333231903847
5890,2725.8845405832267
5891,3056.0478670909506
5892,1869.572307619255
5893,3790.039936859902
5894,3033.390157514496
5895,2644.4322312475892
5896,3044.068490688751
5897,3358.32792875672
5898,2607.6264341688325
5899,2390.3144941216547
5900,3016.2353852503056
5901,2607.8035099786157
5902,2130.1315959844824
5903,2844.456396458919
5904,2736.9052153404327
5905,3655.0446495686538
5906,2485.2434921214253
5907,2938.4617495440434
5908,1912.862201144928
5909,2753.5999422201976
5910,1912.0915750470604
5911,3421.286337238065
5912,3124.6672126159665
5913,2563.3588990843327
5914,2571.1156486401037
5915,2825.2231204050236
5916,2543.9228850074805
5917,2151.138705014405
5918,2455.8476295745104
5919,2024.874838635605
5920,2241.2054993893194
5921,2515.2457624188
5922,2509.38543458778
5923,2870.860923822658
5924,3100.288319473533
5925,2494.433721764567
5926,1810.2054861907263
5927,1893.8688517611504
5928,3286.4508746177844
5929,2604.602816941563
5930,2511.7818615309952
5931,2157.8133034955226
5932,3149.020725973934
5933,1505.6504837977222
5934,2453.7544101578346
5935,2513.0751264124865
5936,2974.3089590306217
5937,2103.3702887799136
5938,2626.425419295102
5939,2277.5997325645576
5940,1912.1503733352902
5941,2202.2897210925194
5942,2112.4829284264524
5943,2213.2158290905213
5944,2232.7886004915827
5945,2038.2684959699284
5946,2476.0847347762838
5947,1830.6822713340243
5948,3482.773841365067
5949,3184.0564550722493
5950,2216.558919861672
5951,2370.9267439138966
5952,2866.7073964495767
5953,2596.4131947479764
5954,2917.1161765646634
5955,1854.0303847863097
5956,3271.1603773040406
5957,2631.7297565888894
5958,2735.3824150591863
5959,2495.6224408514295
5960,2560.072995488482
5961,2598.4326666997217
5962,2217.824965124708
5963,2885.103462815595
5964,2748.4152366942544
5965,1925.0307886906046
5966,2708.602298960002
5967,2990.482995714252
5968,2787.7090930506192
5969,3152.737986742387
5970,1866.3391802663812
5971,2363.8592963549045
5972,3209.351656697563
5973,2334.256466863858
5974,2326.0016023211665
5975,2533.015795536518
5976,2453.5742322731016
5977,3327.8672901478353
5978,2467.203271025525
5979,2117.0066334399216
5980,2184.0983853457683
5981,1988.5743338026848
5982,3163.1630906894966
5983,2130.849094218416
5984,2399.2457253198
5985,2020.01258527584
5986,1912.1327451477612
5987,2081.2779829494366
5988,2127.8539602557944
5989,3436.2916458488207
5990,2673.3155307608968
5991,2360.7621745435636
5992,2206.6290388876378
5993,3281.333805067106
5994,2486.800892094936
5995,3028.193185638643
5996,3610.5097316613274
5997,2226.889434023599
5998,3124.0501274841386
5999,2560.4342233517004
6000,2190.4428785887203
6001,2186.077573660171
6002,2664.9157051914017
6003,3197.8605894615534
6004,3910.2529355777688
6005,1816.5732139564448
6006,2417.606946234201
6007,2072.082937010916
6008,3089.4861754433196
6009,2134.326617155375
6010,2245.6547818479557
6011,2603.9154627063626
6012,2461.5053943712046
6013,2696.7205970582563
6014,3434.660794166887
6015,2806.9386047988773
6016,2169.425383870317
6017,1889.9825867682853
6018,3262.6753107153536
6019,2583.8775046137216
6020,2443.095796482594
6021,2471.7610750161602
6022,2721.9898147921203
6023,1445.340855148921
6024,2318.7638324903855
6025,2641.7218412558095
6026,3133.6277285557417
6027,3406.695832456253
6028,2619.653555313998
6029,2448.3072538804345
6030,1499.110808521552
6031,2278.0546964955074
6032,2250.1939178737025
6033,2140.9872115886433
6034,3065.5131208786393
6035,2264.0902264773295
6036,2427.51562275112
6037,2156.9553989215956
6038,3205.1635138082866
6039,2803.617878222746
6040,2495.0085768863587
6041,2596.499505749396
6042,2404.6083156703426
6043,2694.6361940636975
6044,2104.428298312647
6045,3000.725591382735
6046,3029.0609482473137
6047,3161.2485541267365
6048,2133.341582105795
6049,2602.480126765381
6050,2228.440468443153
6051,2124.237818971816
6052,2353.85028253246
6053,2959.030687207978
6054,3474.3782697383263
6055,2212.111417840464
6056,2459.2357184363154
6057,2717.389629158709
6058,1890.5703716598978
6059,2537.4239700398803
6060,2677.982055511463
6061,2963.004923072629
6062,2686.173313062556
6063,2417.509759272098
6064,2667.6298786898687
6065,3012.8648076880686
6066,2471.569500650564
6067,3078.041143082958
6068,3186.4764843648913
6069,2050.922310249767
6070,2948.1574663269685
6071,2608.793346061842
6072,3471.72948547379
6073,2572.472920459643
6074,2481.973558885031
6075,2041.8404065874727
6076,1902.73891853816
6077,1865.347493772138
6078,1959.4595888973213
6079,3259.5635810021304
6080,3016.07109882044
6081,2497.6370280431047
6082,2424.438033452776
6083,3480.552827227698
6084,2137.7934222465033
6085,2413.326713940688
6086,2846.53078805327
6087,1914.4077686513592
6088,2743.2930537595093
6089,2104.0846381354168
6090,2522.439998673336
6091,1969.3625805836384
6092,2938.538596789662
6093,1962.3843900174218
6094,2632.5610596864926
6095,2446.685998507945
6096,2812.2433819008247
6097,2321.336275968638
6098,2636.3659535916763
6099,3329.4541446588064
6100,3508.2287224565866
6101,2341.3217805509626
6102,3108.7685641080243
6103,2090.306406089302
6104,2009.3512823460646
6105,2172.276751550609
6106,2432.4331236430526
6107,2506.159559588965
6108,2685.1954166370706
6109,2297.815558544043
6110,2481.4686243657798
6111,2532.976499390858
6112,3299.828463399851
6113,2174.3636728285987
6114,2750.1399182128075
6115,2683.8304327089927
6116,2281.7006871729877
6117,2008.9611434487072
6118,2665.1400980182825
6119,2114.835555926983
6120,3333.382770221715
6121,2222.154205426058
6122,1963.4188474633218
6123,2076.0802326307426
6124,3182.4636385615613
6125,2451.6973789801823
6126,2302.6284725803894
6127,2014.398291558163
6128,2328.797391536371
6129,2207.8167350790723
6130,3294.4074192933017
6131,2314.0178043937603
6132,2696.0629210602056
6133,2096.349638163855
6134,1952.341862120452
6135,2798.196239700056
6136,2078.2142844410737
6137,2306.9513298797465
6138,2661.7656021886914
6139,3205.6540327695225
6140,1966.3057468128854
6141,2638.6682153314946
6142,3122.4426150088334
6143,2091.4067187267565
6144,2563.635871559716
6145,2446.497860348347
6146,3295.718706968791
6147,2266.56282369918
6148,1864.8658832918977
6149,3555.889035818196
6150,1879.343235998415
6151,3490.009621229735
6152,2986.8401760642
6153,2354.741447866807
6154,2327.55022765537
6155,3393.4621882652764
6156,2102.5073641495937
6157,2254.3514171269794
6158,2183.5999555486046
6159,2384.8168533820285
6160,1819.6651556237985
6161,2849.0524895178287
6162,3437.0031576180927
6163,2212.1405936193123
6164,3632.0279557812964
6165,3554.4668238267686
6166,2546.6567908745665
6167,2241.7897757993956
6168,2066.746187118305
6169,2326.390662845839
6170,1936.1430099121417
6171,2965.133135206632
6172,2225.3681066359677
6173,2967.8839908623663
6174,4032.5604594214246
6175,2524.2667044632167
6176,3237.4709104589206
6177,2658.59150159458
6178,3132.5213918401173
6179,2158.129336700673
6180,4056.0548123662325
6181,2508.294711607925
6182,2454.6796657066006
6183,2691.651441049697
6184,3378.522466396013
6185,2256.9432400039477
6186,2647.517950600255
6187,1836.5537117135027
6188,2494.181728820373
6189,2763.169838773235
6190,2138.883870249644
6191,2741.82951159511
6192,2907.3797737535137
6193,2643.770357939046
6194,3719.010482139231
6195,1487.2118893012766
6196,3156.0952307639627
6197,2753.7014481664855
6198,2858.70851424642
6199,2354.234850895952
6200,2454.765977780025
6201,3388.5856004213947
6202,2329.303769018033
6203,2621.6472928220337
6204,2051.0370590884263
6205,2107.837363343926
6206,2281.857161116758
6207,2880.149932873972
6208,3147.4711479963426
6209,2115.1886739641277
6210,3009.742586405613
6211,2157.19668877993
6212,2628.5137597811563
6213,2264.7230789035602
6214,2267.398712839169
6215,3129.221485938664
6216,3297.1263483101566
6217,2160.052852359859
6218,3031.69767310296
6219,2913.0570076456793
6220,1830.0576974178568
6221,2657.1477201212583
6222,1931.2168894869687
6223,2941.205013968685
6224,3355.9974355935137
6225,2203.3091520083426
6226,2037.6374430043402
6227,2449.7309822451098
6228,2251.8943986307618
6229,2682.912681905402
6230,2132.930557737873
6231,2357.16904220992
6232,3093.7525334081674
6233,2678.02448057404
6234,2623.349252929837
6235,2105.729874702494
6236,2270.4740600141504
6237,2295.391213388132
6238,2755.4811326205763
6239,2612.7631208801668
6240,1849.8955111583718
6241,2284.510077965455
6242,2175.9792234248707
6243,2073.4908676525865
6244,2003.6668586953017
6245,1856.0416915781166
6246,2881.478437309156
6247,2630.1451288608573
6248,2318.4981555380064
6249,2499.842713103543
6250,2440.3974077231055
6251,2714.6447331793197
6252,2690.771911577587
6253,3184.3008552625233
6254,2073.4703058977448
6255,2633.536940242867
6256,2301.095445362139
6257,2510.9003196039616
6258,2447.545488095684
6259,2060.141656411867
6260,2053.3438301971187
6261,2653.606125545357
6262,3368.5905996371016
6263,2820.2603255384856
6264,2053.5215809540873
6265,2760.1740317521408
6266,2793.2174917735233
6267,2078.7670176091615
6268,3319.9124755253997
6269,2530.01136663502
6270,3256.1486003477457
6271,3722.0109150017574
6272,2567.853543731952
6273,2357.413539984608
6274,2449.7101336136857
6275,2214.300369142182
6276,3012.9424250364373
6277,2137.751064024026
6278,2555.361948912699
6279,2695.5177170889324
6280,3347.933304583415
6281,3316.6041625156486
6282,2572.557437881451
6283,3236.3784918476485
6284,1976.3817653533683
6285,2542.4597715804034
6286,2113.9751399056577
6287,3029.965869313405
6288,2426.8912842188706
6289,2397.0276292984513
6290,3169.50675312746
6291,3258.363806691095
6292,2123.221330635898
6293,2496.15383576126
6294,2762.7542380663217
6295,2537.697023407575
6296,2253.238997327395
6297,3196.3888545323343
6298,2542.792972853416
6299,2315.836412329265
6300,2315.8224161392873
6301,2307.726543627131
6302,3023.3134354921644
6303,3276.1930710474085
6304,2155.0291643645774
6305,2480.3513730489854
6306,2832.3047405446805
6307,2752.4278511600833
6308,3711.1137256433094
6309,2096.768451217667
6310,2161.290092254594
6311,2390.861152067935
6312,3081.3254488833454
6313,2847.290116571083
6314,3332.535808486983
6315,3534.2313179919392
6316,2313.01425060746
6317,2669.4579825986384
6318,3072.6722184300816
6319,2468.6838756232655
6320,3041.5376387200727
6321,1914.7843727863155
6322,2767.440432741405
6323,2745.3822198227917
6324,2364.4684934014313
6325,2510.8340383774703
6326,1880.701754780851
6327,2722.9794636161396
6328,3031.2088401644687
6329,3359.7321244487484
6330,2002.6602899415052
6331,3599.3239639563635
6332,2410.023746791267
6333,2270.0197765457497
6334,2782.750276613203
6335,2027.9461546214945
6336,2493.034354964131
6337,2007.7722533072492
6338,2401.6821157550207
6339,3249.6260205660037
6340,2179.944850853041
6341,2700.4725199109344
6342,2398.924617300084
6343,2147.2718833167646
6344,2078.9213692140656
6345,2570.0113642067527
6346,3394.3530929577655
6347,3182.78085298091
6348,2435.2096642850847
6349,2309.2027532352213
6350,2079.1256213029483
6351,2065.255493184095
6352,3133.666423686142
6353,2012.2463904029664
6354,2297.563615385786
6355,2704.5085390563313
6356,3201.2236098793696
6357,3625.4912199155533
6358,2885.7044397385703
6359,2637.3823076351778
6360,2264.8914572239128
6361,2164.4368609589087
6362,2251.2531314983207
6363,2002.372188932842
6364,2121.8511684696678
6365,3555.5338647887443
6366,2125.5998940009704
6367,1929.1135508598086
6368,3142.881384842046
6369,2408.0502022596656
6370,3046.824139040654
6371,3042.434469285719
6372,2299.747022880949
6373,3267.825598128602
6374,2253.5327738792867
6375,2168.0899033871515
6376,1949.0699140505983
6377,2083.2655597924604
6378,3171.2987061494573
6379,3451.4796401697677
6380,2113.155546936836
6381,2229.7823068295884
6382,2264.6705934855763
6383,2185.108190671087
6384,2448.05353257114
6385,2108.1708381012995
6386,2313.163131992188
6387,2049.4123581100102
6388,2507.0985343946177
6389,3002.431135950471
6390,1914.9532119326198
6391,3069.151412935704
6392,2523.696477786445
6393,2264.769236387656
6394,2916.13907830598
6395,3148.4114918269106
6396,1953.0869631216947
6397,2505.2420700570465
6398,2277.282501709612
6399,3300.043481451541
6400,2554.3405113829394
6401,2596.957913078501
6402,2538.7551373494944
6403,2078.1474289527027
6404,2927.4426742939286
6405,2151.153721920444
6406,2141.223581192864
6407,3082.311904715522
6408,3706.334887801325
6409,2076.2243752589056
6410,2301.0116030207637
6411,3852.696135711945
6412,2930.4900970156264
6413,1908.3924294271455
6414,2098.93735021471
6415,4024.3118287503266
6416,2266.6342395229517
6417,3314.053662164719
6418,1894.550941180944
6419,3382.441337945092
6420,2676.4269332091367
6421,2264.141899544282
6422,2322.717893510701
6423,2443.94550830513
6424,3341.91210042112
6425,2723.0135878074993
6426,3228.4045657603433
6427,3671.0435693714053
6428,2233.475465156378
6429,3344.526912030081
6430,2999.4331130406877
6431,2508.335040818999
6432,2837.492359140355
6433,3443.7477337174396
6434,2063.255724307034
6435,2654.1295504471605
6436,2263.74035299024
6437,3076.47839973294
6438,2523.9491668478613
6439,2482.8207172923485
6440,1773.6632533201132
6441,3070.0848338771257
6442,1988.6644169523342
6443,2285.882388330736
6444,1816.9895759066853
6445,2767.6151482776213
6446,3626.1540971519776
6447,2738.4408336371043
6448,2779.941916841678
6449,2539.9619792521144
6450,2288.0162140090342
6451,2864.511992209951
6452,2498.4947820813923
6453,1871.6498710440078
6454,1860.093662569435
6455,2189.221520554208
6456,3018.3151053219276
6457,3215.06046254193
6458,2362.564315446205
6459,2563.658183470974
6460,2623.9512415902846
6461,2330.802272845195
6462,2147.2566751289505
6463,2834.034320536108
6464,2315.1640685359844
6465,2605.3386416247095
6466,2494.609200645755
6467,2317.7317981517604
6468,2275.304335008393
6469,1960.8226940661416
6470,2076.577023077168
6471,2444.28590593709
6472,3235.3525684977894
6473,3250.0912079453506
6474,2339.1964281304977
6475,2351.2525693024463
6476,2684.5506709519404
6477,1914.0461003236123
6478,2186.1941048584226
6479,3326.1907356900892
6480,2594.405830149798
6481,2798.2850348356915
6482,3145.7339976756502
6483,2424.6166827335132
6484,2584.9797563262146
6485,2387.134148529913
6486,3378.204107167002
6487,2739.0656313773898
6488,2603.107617065838
6489,2802.904159055961
6490,2572.589272481656
6491,2249.6096450521213
6492,2822.825765853444
6493,2536.4040570127318
6494,2098.883595452166
6495,3202.163118596489
6496,2026.303223870092
6497,2563.9791409277827
6498,3361.330519041876
6499,2167.940768251818
6500,2964.8723122532683
6501,1878.70381465784
6502,2837.5818644692886
6503,2507.804155630786
6504,2510.7919491183284
6505,2345.185266630008
6506,2377.0584837374763
6507,2158.1634496962497
6508,2339.834640089373
6509,2732.869202507407
6510,2361.705465307961
6511,2079.5345575738265
6512,1919.2016472381056
6513,2912.798444846132
6514,2493.999840464432
6515,3386.3437306917554
6516,2143.734841250451
6517,1910.030081536594
6518,2532.192683642264
6519,2761.27531951325
6520,3189.0998322096407
6521,1992.4911104126854
6522,2595.632569638411
6523,3415.5679010118856
6524,2537.6254708103293
6525,1943.9443512156224
6526,2952.8716794833454
6527,3780.5798883426623
6528,2608.9894430700606
6529,3703.0415867433167
6530,2203.1866912260134
6531,2321.7624918991914
6532,3362.19123382624
6533,1817.117039266986
6534,2162.6745845388195
6535,2856.0150700120803
6536,2105.8832660146813
6537,2032.37415805158
6538,2438.2491003540813
6539,2111.188758124197
6540,3364.5347910697155
6541,1485.7125842223406
6542,2395.4031170140793
6543,3080.22944846407
6544,2298.8850290684804
6545,2673.1240335990433
6546,2515.40038856081
6547,3784.960102983491
6548,2309.9593277454815
6549,2471.6032047227663
6550,2977.453593057731
6551,2722.621206145939
6552,2347.035275220981
6553,2496.941415176199
6554,1955.6044406371302
6555,3132.744536345876
6556,2405.4873262830506
6557,3137.449960779971
6558,3090.9429135342243
6559,2246.124335170865
6560,2747.32066544688
6561,2033.9093149900038
6562,2325.362655998121
6563,2658.943244481443
6564,2264.382393533536
6565,2381.3813310450982
6566,2266.7988702187376
6567,1868.3346020544386
6568,2246.429876122303
6569,3120.4574472609097
6570,3383.9546281280864
6571,1892.5843626688106
6572,1996.653241816044
6573,3485.2645481684613
6574,2338.9743061187446
6575,2707.2225208294362
6576,2097.6929514790345
6577,2454.4109183638043
6578,3830.794011545232
6579,3136.758622045192
6580,2228.4554676664116
6581,2291.2516536428966
6582,2691.494994368666
6583,2507.9225186391645
6584,1849.475564641276
6585,2401.9964236397514
6586,2561.3214495161583
6587,2441.6479955366485
6588,2065.53657058325
6589,3440.9451634693396
6590,2419.1167298380806
6591,2424.0829270238564
6592,2013.1302751461371
6593,2576.2552148028226
6594,2542.719834928709
6595,1885.8343198609746
6596,2125.6407352538276
6597,2508.5169193276583
6598,2091.3493274006396
6599,2240.822796962605
6600,2179.028742218585
6601,3367.232398240343
6602,2966.512236950429
6603,3734.062579039891
6604,3838.2715770146347
6605,2078.3896147439355
6606,2142.8505752221376
6607,2593.273332290673
6608,2300.7602577213474
6609,2659.4800006833475
6610,2191.2461601301966
6611,2812.361136807962
6612,2569.091782158901
6613,2512.2946369432743
6614,1514.952063088838
6615,2528.2827299139703
6616,1930.3562093551254
6617,3314.9860250209504
6618,2297.7427295482375
6619,1932.9739613003817
6620,2160.630352006506
6621,2455.323929196695
6622,2101.673192689186
6623,2753.3182938393766
6624,1849.273304546561
6625,2128.9304099611336
6626,2191.4439002918484
6627,3017.2494067758234
6628,2176.574220386803
6629,1942.3389034283978
6630,2322.833493499148
6631,1557.5193691503455
6632,1980.8901170757154
6633,2686.883386672299
6634,2120.920648338973
6635,2392.331154269287
6636,2160.1280027042085
6637,2822.7727811877785
6638,2885.025065842051
6639,2698.2022512921403
6640,2153.5373588822818
6641,2830.9998550410883
6642,2052.961043872922
6643,2485.400041867477
6644,2392.109759048965
6645,3031.7137274863976
6646,2557.9101515731813
6647,2192.963819851159
6648,2977.396564440983
6649,3612.663952302798
6650,3807.4072203835203
6651,3751.89873633948
6652,3194.912276014652
6653,2281.5926170021044
6654,2049.6494980423067
6655,2453.5595077896905
6656,1960.3242134391899
6657,3566.242045516093
6658,2977.6818872165645
6659,3021.534122637331
6660,2557.71436170902
6661,3054.6623494855558
6662,2220.6063692883317
6663,3373.98003762621
6664,1971.7378797461308
6665,2992.4433436085314
6666,3082.313656015289
6667,2276.447477599476
6668,3444.9035733703877
6669,3221.076441404186
6670,2141.0798217189367
6671,3606.9748696535244
6672,2318.7285176235155
6673,2061.2622433827046
6674,2636.011551709049
6675,3380.3175471270024
6676,2051.185787407653
6677,2424.2230988253814
6678,2933.377031952859
6679,1988.2150854970573
6680,2042.7962005904574
6681,2208.0779869055978
6682,3666.26013029948
6683,3121.6789010639573
6684,2010.808071789726
6685,2337.2030349217694
6686,3816.25108921308
6687,2665.4237879757693
6688,2525.0076144077225
6689,2222.137106088547
6690,2248.966094909054
6691,2149.3698640037037
6692,3102.5116928573893
6693,2468.903456289959
6694,2089.337546347064
6695,2164.4368609589087
6696,2179.12604587236
6697,2276.9261255662595
6698,2721.8600760562776
6699,2644.867311175032
6700,1961.874842535483
6701,3386.5369015631013
6702,2588.1233747262486
6703,2182.8402821105838
6704,3212.368745431767
6705,3050.428459620031
6706,3855.9060107589466
6707,1956.6654217802993
6708,2128.0010603741757
6709,2490.6043647377705
6710,2673.221861441137
6711,1985.9741487576725
6712,2017.174255705742
6713,2202.841022265465
6714,2713.7028418995906
6715,2452.7305666920383
6716,3640.1795951940503
6717,2423.674875813616
6718,2167.4335379263757
6719,3818.1137431433344
6720,2819.8288601512986
6721,2500.2253868368675
6722,2398.5563025950596
6723,2711.826733499599
6724,2303.0073610566915
6725,2662.276552172658
6726,2207.1923051265017
6727,3669.8259654372655
6728,2264.980072731687
6729,2005.9864408235471
6730,2771.167539322762
6731,2735.6852308064713
6732,2489.7072881290387
6733,3321.0028675978697
6734,2835.9771854895153
6735,3663.4610660855533
6736,2965.0081613512584
6737,2589.0674272446768
6738,2470.816524799242
6739,2101.234508769226
6740,2796.693371368655
6741,1786.21192342634
6742,3640.023971934813
6743,1906.8649004427202
6744,3196.044710979236
6745,2206.888021272244
6746,3123.231867987829
6747,3033.9082676264
6748,3042.5509496350614
6749,2378.7107400027126
6750,2110.429613161148
6751,1937.062720987235
6752,3190.5019871284258
6753,2960.57450139579
6754,2172.3944191991077
6755,2810.473861909367
6756,1926.8986231550684
6757,3380.7852506721947
6758,2417.665583494392
6759,1906.7915675738286
6760,3565.5386970329946
6761,2828.4566741451745
6762,3204.770734477246
6763,1920.6313912962776
6764,2012.2394382879797
6765,1901.0190282790393
6766,3301.2089336163845
6767,2238.172943397959
6768,2094.001430905474
6769,2245.876927463437
6770,2359.8783204054816
6771,3075.8308746218054
6772,1945.0742248117701
6773,2795.584917522373
6774,2504.470868958765
6775,2108.94516824309
6776,3843.6033557070296
6777,1880.4465989998512
6778,2508.692752669283
6779,3993.755508992628
6780,1532.8482447793126
6781,2972.4994463571647
6782,2820.2538760521265
6783,1973.851159283994
6784,1822.287346876377
6785,2545.0126229915604
6786,2672.2599772361073
6787,2519.483091814651
6788,2627.1857082796387
6789,3077.8949852698433
6790,2802.718290913021
6791,1833.1669027497635
6792,3334.198433231397
6793,2625.8165346212227
6794,3472.3345267377154
6795,1841.1649762235782
6796,3020.987336494907
6797,2628.071022568355
6798,2070.541683684709
6799,2453.250307349625
6800,2788.3796194342694
6801,3600.71915944664
6802,4457.8880313626705
6803,3429.7240656949584
6804,2125.1231468816186
6805,4516.908415613954
6806,2333.2256355386994
6807,2220.4208295626163
6808,2953.9967485283023
6809,2174.2283717315745
6810,3244.4132219999296
6811,2732.304243720584
6812,2547.6163975068766
6813,2606.4510433512205
6814,2143.692362424496
6815,2386.8862348607104
6816,1969.7959792674328
6817,2033.0306410282974
6818,1954.8690523911137
6819,2095.0152032829383
6820,2195.5716118677797
6821,2925.0283085207834
6822,3148.0844969452983
6823,2758.9005572882497
6824,3187.3654621424157
6825,2171.751840928621
6826,3044.0931673886353
6827,1823.126742087031
6828,2413.1773557171664
6829,3245.027925719197
6830,2313.111819886818
6831,2112.336485894435
6832,2911.3143204617954
6833,1878.8409703621462
6834,2403.9270179369764
6835,2350.3575347898013
6836,2154.9332528962345
6837,2522.5197982738882
6838,2203.456908601104
6839,2419.3986202232763
6840,1902.2493303392075
6841,4125.676922436883
6842,2242.7217253483586
6843,2082.711417799128
6844,3225.441772163186
6845,3891.555327942991
6846,3095.001853683568
6847,2030.8028344746485
6848,2030.8052913713748
6849,3213.1991211713093
6850,2257.5626519194516
6851,2543.1571658178273
6852,2305.3680322450978
6853,1995.7078511140235
6854,2104.5069749749805
6855,2231.4854629101637
6856,2108.7103574743264
6857,1869.7479637248707
6858,3239.64974518512
6859,2881.816882511549
6860,2735.5695994447183
6861,2117.8131294432014
6862,2500.584955406988
6863,3779.124405324944
6864,3511.4264733292584
6865,1995.738540924709
6866,2709.94428279869
6867,2784.976518184245
6868,3312.51080051144
6869,2030.3403779123616
6870,2335.9527835112576
6871,3895.9132999764643
6872,2200.21718601262
6873,2464.8744238245636
6874,3566.095891819818
6875,3374.9951163992846
6876,2235.750788702486
6877,2731.357864060674
6878,2658.1950632318376
6879,2381.7809267332464
6880,3624.1548915007706
6881,2199.4160215447437
6882,3343.122407722415
6883,2596.7723169781702
6884,1984.9687480019697
6885,3174.4318461455687
6886,2665.0985900581068
6887,4686.813909264679
6888,2193.765289758059
6889,3035.84643164507
6890,2027.7846189187253
6891,3086.0972493860204
6892,1850.4971018676579
6893,2612.6691056691034
6894,2350.9259848210895
6895,2569.53513520474
6896,3532.7288357202624
6897,2457.6410315186604
6898,2810.5538389824555
6899,1991.5938835394093
6900,3045.855670988193
6901,2125.7525517987874
6902,3422.3201877005167
6903,2582.018022511271
6904,1861.113086803192
6905,3211.993201538782
6906,1814.9894818880912
6907,2700.593721353219
6908,2309.3351713690017
6909,1959.26723742421
6910,2777.6752354750183
6911,2513.027757657124
6912,1814.4829651538791
6913,1803.7241546634177
6914,2908.7116005142752
6915,3875.722265042933
6916,2307.2598872550006
6917,1800.1020999534992
6918,3100.960429025572
6919,1933.8518994172523
6920,2715.9461366326723
6921,2480.4772968381862
6922,3065.9256000525684
6923,3261.5072691076757
6924,2994.1646971714385
6925,3283.440962402902
6926,2573.3475121143892
6927,2206.2758174111095
6928,2344.407881233747
6929,1883.3208939867336
6930,2224.1115814860473
6931,2899.8265431013024
6932,1901.0591849605512
6933,1484.5442948619175
6934,2410.845388437745
6935,2907.3874379102117
6936,2904.8047937322
6937,2280.7483307124926
6938,2165.796839454509
6939,1997.2943443879226
6940,2299.8484167462702
6941,2989.8180074172633
6942,2518.1320423157654
6943,2771.421691065536
6944,1930.5462946292746
6945,2152.813364719944
6946,2770.0581712160965
6947,2045.0880981729229
6948,3141.9415225342686
6949,2087.5559418909897
6950,2754.295222014709
6951,3353.8406580972223
6952,2670.4558116390335
6953,2424.1961981227096
6954,1907.248249880312
6955,2324.415229460208
6956,3128.727034060408
6957,2653.1365766655567
6958,3550.813199051885
6959,2676.5500007089117
6960,3111.016045862845
6961,2280.6249382459955
6962,2484.381037430221
6963,2975.899573488459
6964,1849.9127396741992
6965,1585.204221464015
6966,3104.352410483665
6967,2692.2167961329596
6968,3235.9710375120767
6969,3371.5094817362597
6970,2913.8263278823806
6971,3169.991199891888
6972,2679.397745005457
6973,2444.177975275049
6974,2315.6121179650418
6975,2173.607660872963
6976,2991.533915474892
6977,2766.1973249859084
6978,2809.0827264367053
6979,3807.878369498198
6980,2268.720974546695
6981,2299.7584061858274
6982,2540.57909290353
6983,1990.3071564655784
6984,1892.1439926815522
6985,2604.9304390968846
6986,2409.896285450398
6987,2900.646128800181
6988,2691.9000481184435
6989,2448.77216582084
6990,2310.2519652144856
6991,1923.0025754909238
6992,2899.578190934273
6993,2330.990212408602
6994,2539.252898769558
6995,3075.918483234536
6996,1892.0746230779864
6997,2702.2203925947665
6998,2128.7265939742592
6999,2871.1958421387862
7000,2077.8856568982346
7001,2324.6038016786724
7002,2257.204794007204
7003,2594.673520828631
7004,2108.4316708825772
7005,2924.952482793511
7006,3273.3330333641643
7007,2418.704387057083
7008,1812.3982427625601
7009,3095.3263111960823
7010,3403.0037565014945
7011,1894.7637071128863
7012,2672.341765013925
7013,2726.2206125461717
7014,2335.3203262771895
7015,2026.3943925870951
7016,2773.167705721792
7017,3270.1535771700123
7018,2651.471452803792
7019,2105.0542944437057
7020,2690.4157433037176
7021,2159.2576045570468
7022,2799.6871510014903
7023,3827.376948924666
7024,2974.704062163626
7025,2993.141704109703
7026,2182.730192108442
7027,1830.6795906654488
7028,2729.336061522723
7029,2021.6612992900934
7030,3336.7967178938334
7031,2090.9522204855
7032,2611.732652917672
7033,2299.4839084121704
7034,2197.188339880795
7035,2247.9279978679047
7036,2339.2162129040657
7037,2234.394545079899
7038,2305.1056239188724
7039,2981.2583158544658
7040,2013.8142381250004
7041,3357.1034910549984
7042,3374.6465347897697
7043,2262.155872749341
7044,2683.7840763572326
7045,2066.746330702178
7046,1847.2081443366862
7047,2758.9123372567237
7048,2759.5526709775986
7049,2195.624373322188
7050,2721.777847671956
7051,3458.642112201206
7052,2678.698610622112
7053,2441.5845436172053
7054,2442.0449585051397
7055,2326.1944431709685
7056,2262.186937261931
7057,3459.539952193612
7058,2567.11906977961
7059,3137.296279247308
7060,2902.652279391794
7061,2484.2953569071406
7062,2320.923224899645
7063,2025.7777187129093
7064,3030.8161152616453
7065,2732.849103878032
7066,2209.441062300505
7067,2490.409486905083
7068,3065.522615740161
7069,1982.8633887690964
7070,2420.358122058996
7071,2148.4759723090574
7072,1822.4935121561498
7073,3576.28570288313
7074,2789.985656285153
7075,2921.2933363350758
7076,2587.2181060659923
7077,3095.2425299617234
7078,2477.922306252685
7079,2101.95654444757
7080,2010.5392637774519
7081,2333.2023317020808
7082,2287.356880564477
7083,2615.1952478758203
7084,2632.7459493498254
7085,2459.4775447977217
7086,2727.3231215803285
7087,4107.3679279811495
7088,2034.8617327363972
7089,3282.7571237774173
7090,2481.3084027616355
7091,2026.670775675996
7092,2629.8749504323805
7093,4768.712117157796
7094,2444.411496558626
7095,2167.1378632431206
7096,2253.0874535826774
7097,2149.3446522480212
7098,2290.078471267442
7099,3312.8015819802317
7100,2712.0182738021704
7101,3476.8494959603536
7102,2034.8363427006793
7103,2757.0556607407666
7104,1755.817596675261
7105,2674.5658814275007
7106,1950.3841661902002
7107,1717.2489220244324
7108,3381.6305622332893
7109,2059.2007241168276
7110,4137.2587495165735
7111,2132.3224533742136
7112,2507.8892589384186
7113,3301.0184640178677
7114,2502.3291930591877
7115,3047.9816462522267
7116,1918.644737902312
7117,2042.207656018898
7118,2098.1846409452614
7119,2321.4580040087394
7120,2359.935571291543
7121,2221.6418041740944
7122,2126.6804282472394
7123,2770.4304582826207
7124,2267.3766067616975
7125,2063.836010269746
7126,2667.529854182091
7127,3577.244496586465
7128,2533.0628670114543
7129,2470.073813398221
7130,2418.4766648782734
7131,3376.911126275195
7132,2155.304200803469
7133,3068.4183322997837
7134,1889.4229865008338
7135,2148.8622454943297
7136,2122.2386069290674
7137,3563.6306672738338
7138,2375.54433137837
7139,3130.0175549560454
7140,2805.0914314430306
7141,3315.7713086308345
7142,2202.0113220911558
7143,2052.667806215381
7144,2720.0493557398736
7145,2275.0365900902466
7146,2413.057342830012
7147,3598.0031922841927
7148,3233.9847359900286
7149,2671.957882696572
7150,2036.8474331809493
7151,2452.3102469275364
7152,2759.9789322840325
7153,2620.329084872771
7154,2602.8628648826507
7155,2245.3683350939405
7156,3558.0591555245564
7157,2112.5591742934744
7158,2487.8811452724162
7159,2354.453978465318
7160,2242.8925567892493
7161,1964.9741019711678
7162,2527.4988226879705
7163,2228.7472172462976
7164,2210.1238933380814
7165,1993.2597527557523
7166,3484.510825592669
7167,2559.816586654126
7168,2074.9348772013745
7169,2396.617872724752
7170,2373.218524600654
7171,2102.352612901423
7172,2101.252766886052
7173,2217.9637657673857
7174,2247.5820333037987
7175,2026.8364020925044
7176,1820.1754402229108
7177,2770.3089919470212
7178,1787.4420644515972
7179,2402.3500577301
7180,3641.6721917316127
7181,3471.5479820837472
7182,2409.626882783069
7183,2495.4280445475024
7184,2511.849362788743
7185,2426.1134248540056
7186,2505.770896768807
7187,1916.9459782364015
7188,3153.4636917549587
7189,2658.6125797346376
7190,3023.4868646231944
7191,3251.0361500592753
7192,2319.844195950258
7193,2993.2114490507774
7194,4080.0851466420672
7195,1872.3428729745306
7196,1884.5919206948774
7197,3584.2739569902496
7198,2749.7498675770075
7199,2572.4070137698664
7200,2362.898597155042
7201,3588.273526462961
7202,2226.796687479373
7203,2059.1898739728067
7204,2110.262025078002
7205,2287.8211138235074
7206,1920.8401888822673
7207,3433.1895694158893
7208,2101.957346596193
7209,2595.9344233106767
7210,1908.133621463648
7211,1989.0415448336323
7212,2964.945212971523
7213,2295.703757509467
7214,1993.0552474467345
7215,2431.401277215058
7216,2754.2091838205542
7217,3101.2368555594967
7218,2719.0891741893593
7219,2271.7271634355293
7220,1947.726775718914
7221,3590.75024094772
7222,2608.7269006494034
7223,3577.534421589222
7224,2626.285440867826
7225,1918.4322840642126
7226,2544.766715907988
7227,2060.6193366056677
7228,2429.7995668864405
7229,3158.338419955408
7230,2919.347688012631
7231,2413.958572371804
7232,2595.675254907501
7233,2685.094650804881
7234,2110.837754670479
7235,2543.7874751310856
7236,3471.367252185901
7237,3062.1695772080448
7238,2124.1666995542437
7239,2648.3645252454676
7240,1922.7502652981145
7241,2626.4442961473187
7242,3257.608821333367
7243,2264.052116418696
7244,2517.3439494896907
7245,2254.4407066098715
7246,2912.7721070922407
7247,2655.786558077107
7248,2567.2914590277205
7249,2171.492246811309
7250,3234.2407749430254
7251,2354.697901738631
7252,2912.788277361022
7253,2780.4640783981367
7254,2278.3737407585345
7255,2096.0030351050773
7256,3371.163282382906
7257,2788.8329635154846
7258,1951.8993326441441
7259,2572.724063708466
7260,2878.412371172973
7261,3077.881853164436
7262,2417.1579984973405
7263,2127.069225374001
7264,2589.5224799744983
7265,2036.4080560724444
7266,2447.024807268287
7267,3491.1093518539947
7268,3279.85012808219
7269,2461.0790928808337
7270,2465.8603052459266
7271,2450.341035757524
7272,2770.594865744213
7273,2771.4067052129976
7274,3913.236932281796
7275,2367.0268526582026
7276,2011.4163991811288
7277,2487.1489177595467
7278,2067.086862696737
7279,2179.34577497351
7280,3311.6811793956895
7281,2420.390029339582
7282,2373.416722876893
7283,2248.9644940135645
7284,2641.265050758112
7285,2695.557582079098
7286,3528.423999846679
7287,2709.637161993597
7288,2459.463929606881
7289,2155.708722730248
7290,3188.2537487490417
7291,3056.6434231628054
7292,4113.8782901260465
7293,3557.4147676001703
7294,3327.8852036158414
7295,2804.695127138156
7296,3085.6561870419678
7297,2907.696762949411
7298,3137.03856711966
7299,2533.8034411879053
7300,1744.4354806328397
7301,3172.5852929192315
7302,2321.1010755196658
7303,2775.6830089095984
7304,1905.4662759886194
7305,2299.7696211503976
7306,2248.641028298113
7307,2861.2018606410193
7308,3032.2423698945654
7309,2257.6937529180555
7310,2813.233446394702
7311,2657.0769975045114
7312,2632.6964216886095
7313,2178.757831229055
7314,2624.825343960451
7315,3727.0691861951254
7316,2496.0362200088234
7317,2116.1623854505683
7318,3398.285955416807
7319,2627.2356241839816
7320,2662.901714382704
7321,2705.46364779573
7322,2020.3779407988516
7323,2141.654014777544
7324,2282.394434886631
7325,2370.9880924827944
7326,3168.554536138212
7327,2445.9067777230703
7328,2179.716644237441
7329,1933.599797285787
7330,2370.679478905612
7331,2217.708574447081
7332,2916.302831992598
7333,2324.752396903612
7334,3235.8632672404137
7335,2279.483997667132
7336,2555.6453237323813
7337,3192.260660028236
7338,2021.22107055506
7339,2506.0539489420116
7340,2969.962579454039
7341,3972.2948264958504
7342,2369.702057046733
7343,2425.7350888986434
7344,2082.96443287031
7345,1862.6945638824595
7346,2130.4326665940766
7347,2372.9969375096093
7348,2958.4398342375953
7349,2480.505146120135
7350,2712.6074081864463
7351,1840.244709939912
7352,2592.2929247821767
7353,1829.8010284011184
7354,1932.3596674485248
7355,2281.701796636996
7356,1506.0875138021634
7357,2088.4855888459397
7358,3199.9994264742704
7359,2965.92010587819
7360,2699.7168552958374
7361,2363.388666390103
7362,3453.911346515124
7363,2681.879049186532
7364,1890.6688053116075
7365,3134.948989152541
7366,3753.015901834855
7367,2167.4265023495527
7368,3087.869493905867
7369,2232.9678444380907
7370,2472.5642497956733
7371,2246.796196408763
7372,2598.9758295574184
7373,2462.9698690131663
7374,2216.0822014853425
7375,3078.8065117565866
7376,2625.499098720851
7377,2114.397579486753
7378,2722.029128968925
7379,2716.812993177532
7380,2341.1796000506256
7381,1759.8192261445001
7382,2041.4284417407882
7383,3138.003684891242
7384,2713.4236465321064
7385,1901.8487632521887
7386,2333.094748017606
7387,4783.529771034151
7388,3032.6211108528687
7389,2514.788804866508
7390,1938.203746007609
7391,2331.8438510636392
7392,3908.6681030497293
7393,1804.2712771320416
7394,2745.3598420174403
7395,1932.3596674485248
7396,3350.3069480551303
7397,2985.738935424364
7398,2587.7156325026954
7399,2895.7872519180187
7400,3104.352596657416
7401,2466.3576940602925
7402,2084.3257110891486
7403,2410.2622333656077
7404,2994.532371541057
7405,3050.977965163087
7406,2219.2453472970515
7407,2075.4716221284416
7408,2439.180046695848
7409,2127.1521762083244
7410,2354.132203373611
7411,3006.9554212202233
7412,3587.477910980332
7413,2836.6956271653944
7414,3139.9651296350457
7415,3605.63091074175
7416,1993.2905676576615
7417,2664.5176784327336
7418,2876.2885871259086
7419,2697.5827676181334
7420,2043.2486267126978
7421,3144.102981686196
7422,2878.68557671738
7423,2199.724671276397
7424,2464.6346580349823
7425,2666.776317294529
7426,1940.358454397995
7427,2114.904447596314
7428,2614.398084230544
7429,3207.690259791711
7430,2178.027648101709
7431,1847.9867039231626
7432,2235.4289247729703
7433,2946.612481394451
7434,2087.2163019206537
7435,2100.794364151101
7436,2479.8518628398224
7437,3076.803314464864
7438,2627.6439349778702
7439,3036.0139117272865
7440,2957.5457020742506
7441,2568.7404794992385
7442,3146.7388888191927
7443,3413.1395339797464
7444,3347.98392341228
7445,1952.3293056579269
7446,2009.146288985166
7447,2539.497865842336
7448,2524.4053597651236
7449,2774.989126912077
7450,2543.9822409864782
7451,3092.1419844822867
7452,2326.984809737296
7453,2411.026810574029
7454,2986.1845026278206
7455,3158.9776965964365
7456,2339.774203777335
7457,2240.8761969841435
7458,3095.379273237119
7459,2149.5414962184427
7460,3868.7756197081335
7461,2974.0836108193726
7462,2525.779120297152
7463,3582.956002960874
7464,2098.984991625288
7465,2555.7205013283474
7466,3387.1374990115937
7467,2163.6320548079566
7468,3223.9904643293703
7469,2492.9908601831453
7470,2097.276066719999
7471,2382.1496781283518
7472,4307.054240705058
7473,2751.704611793128
7474,3931.756636480736
7475,2484.3789864849678
7476,2383.1522055520127
7477,1853.6676925764082
7478,2549.185343062106
7479,1958.232242760239
7480,2162.9680227169815
7481,2433.211773017601
7482,2837.668189469541
7483,2289.191347155549
7484,2410.1267108450534
7485,2853.6752622729778
7486,3432.985553190382
7487,2514.765203886395
7488,2861.8667641171405
7489,3117.538108957935
7490,2964.4737878586757
7491,2105.999771859535
7492,2375.3225362468584
7493,2093.8286095120566
7494,2629.1802276378376
7495,2822.075460070718
7496,2822.639608578583
7497,2053.0086641380294
7498,2244.7970926789135
7499,2356.0889492256306
7500,3430.538521177232
7501,1975.7412068562112
7502,2461.105196062421
7503,3517.723194170912
7504,2119.189785630989
7505,2971.1358220477478
7506,2148.0581582818895
7507,1954.4432671309046
7508,2601.7379775321824
7509,2219.363412593213
7510,2568.6884337080483
7511,3005.352946901425
7512,2761.1945019725413
7513,2030.950037802928
7514,2038.5673848011215
7515,1878.0022559190888
7516,3067.0152562284666
7517,2292.797780160681
7518,3090.828991890193
7519,2449.4003067285507
7520,2158.5114584035587
7521,3850.716128226628
7522,2401.0575693281567
7523,2197.4865109219454
7524,2126.2313223788688
7525,1944.8997435415617
7526,2938.6210839013197
7527,2104.693848929687
7528,2519.2724980632065
7529,2430.3254966663008
7530,2201.495937213277
7531,3324.004475443832
7532,2203.728803764856
7533,2259.188636621377
7534,1719.4347058076528
7535,2600.119106424426
7536,3013.9158831866207
7537,2895.799761007078
7538,3280.675637637858
7539,3409.5321975441157
7540,2716.8338582893025
7541,2442.342943498985
7542,2495.08706137069
7543,2667.9527097890673
7544,3934.794033926336
7545,2173.445604049703
7546,2847.0853681583467
7547,3233.4555822580974
7548,3876.789372054295
7549,1942.0085052983093
7550,2480.1369682029904
7551,2582.317173529006
7552,1864.3245787986898
7553,1871.390874874608
7554,2539.0870362981705
7555,2459.99856959095
7556,2702.8340621383604
7557,2507.877185151986
7558,3550.2291968893423
7559,3218.0065473568534
7560,3270.790922862062
7561,2899.507966177793
7562,3341.32452414436
7563,2151.4969934416986
7564,2056.5062431343968
7565,2794.822658067831
7566,3966.5449089819876
7567,2799.034551781485
7568,2442.733874369268
7569,3617.736296782714
7570,2405.4000753604187
7571,3459.071119266187
7572,2516.34759582206
7573,2085.03582983641
7574,3307.350853065632
7575,3012.996630816073
7576,2276.2469213272702
7577,2415.8537469529647
7578,2020.3733726437235
7579,2265.298315938767
7580,2302.168750311732
7581,2254.3377306447364
7582,2706.451193923577
7583,2269.161924156782
7584,2501.277751064011
7585,2311.7718054548304
7586,2331.7701913921583
7587,2416.714188027853
7588,1993.9446461354964
7589,2721.6836579721553
7590,2243.506984103944
7591,2584.136339475308
7592,3082.544550083797
7593,3288.0848115307963
7594,3252.560145736029
7595,3066.8129778549705
7596,3192.6614648735626
7597,3091.5154863155885
7598,2002.488559415699
7599,2075.3746729535046
7600,2979.336739851189
7601,1633.108274901223
7602,3177.0628604716467
7603,2537.8753082789235
7604,2570.687011945745
7605,3603.257222587761
7606,2168.391753819202
7607,2675.863830020479
7608,2065.4170297650576
7609,3225.2056169236303
7610,2723.1000528517134
7611,3108.6876467431684
7612,3066.5280146110135
7613,1898.4981557238884
7614,3507.505611850047
7615,3109.8850791170134
7616,2566.8788331698206
7617,2493.614247965263
7618,2433.6766576556934
7619,2399.2063527418827
7620,2598.881833138045
7621,2441.8573572105015
7622,1967.7716006040969
7623,3264.0998507899462
7624,3900.7618684266918
7625,3109.5418425025036
7626,2960.536800165073
7627,3487.8511569044394
7628,4730.01987936793
7629,2604.7980153915105
7630,2745.7290958500735
7631,3256.742219578845
7632,2109.1501610198943
7633,2583.869290932923
7634,3474.832621197297
7635,2611.26850181089
7636,1980.572765011981
7637,2368.0034701727614
7638,1975.7272717858655
7639,2964.755813681757
7640,2596.2480161966437
7641,2057.3332584675986
7642,2162.0840305595216
7643,2626.892641697369
7644,2378.902090410468
7645,1869.080296160888
7646,1835.295659108554
7647,2604.8065694903216
7648,1802.7519501391428
7649,3626.117465545932
7650,2672.3580133784253
7651,1956.9899084911656
7652,2986.8248849477172
7653,1947.6760358231293
7654,3181.9476192974143
7655,1747.5137501073448
7656,2397.961691241506
7657,1610.149732685688
7658,3027.629111528726
7659,2030.1996682205697
7660,2668.927069658453
7661,2892.321467422147
7662,2221.8249882843747
7663,2773.667455051128
7664,2876.464918835115
7665,2234.9302124737833
7666,2912.7408637660137
7667,3274.4172564709143
7668,2720.06761764182
7669,1209.3418744998762
7670,3329.483987947631
7671,2454.1019727543962
7672,2516.3362688094294
7673,2597.2885769909644
7674,2319.6054958116347
7675,2204.6779584761525
7676,2390.678387863062
7677,2600.1443412708622
7678,2040.6585197647207
7679,2046.7036089646926
7680,2747.6955868959867
7681,2065.963383886488
7682,2274.1595025323463
7683,3109.820341010598
7684,2458.079312480963
7685,2114.6776124296093
7686,2287.588301800328
7687,1823.6330064215858
7688,2179.5315662665644
7689,2444.872296742551
7690,2705.570513561159
7691,3338.676013958515
7692,2502.109207118787
7693,2034.7382681238878
7694,3205.4538429277054
7695,2588.245022496334
7696,2765.237470459175
7697,2589.052303439119
7698,2931.4244675152304
7699,2684.9517324788812
7700,2310.5319468382168
7701,1924.4398420201192
7702,3524.9809602598098
7703,3561.3845951929043
7704,2116.948372729146
7705,2894.511783675104
7706,2232.046812114039
7707,2488.545323240844
7708,2134.777255075341
7709,2475.8724770685803
7710,2443.8420722208975
7711,2110.7072052289577
7712,3280.349248893122
7713,3238.1639493071875
7714,1496.5589624011895
7715,2804.129356820963
7716,3599.583577922557
7717,2486.7313890550113
7718,2990.2765680495745
7719,2593.0053799576817
7720,2590.756333821949
7721,1859.1467167657293
7722,2207.00869826692
7723,2508.91822444235
7724,2930.0442539139685
7725,2152.7590077667123
7726,1845.2607787713046
7727,2483.9889996211114
7728,2802.023696339898
7729,2650.1575710030393
7730,2998.6612603699364
7731,3043.0643167569274
7732,2461.955567925216
7733,2983.0135705510656
7734,4001.5850628999615
7735,3494.3948514260455
7736,3045.1136466967046
7737,3056.4210849564092
7738,3560.0497038268454
7739,1963.1602654986027
7740,2226.832024392904
7741,3430.440248324999
7742,3105.317073392328
7743,3548.865695101951
7744,3449.7404100619915
7745,2425.090627903637
7746,2208.94191394703
7747,2784.2585087454763
7748,2179.7941890695756
7749,2402.0856295218855
7750,2823.3294997329012
7751,3032.6421122233824
7752,2484.7124464234857
7753,2407.5860857062144
7754,2244.522120884163
7755,2809.5885134690357
7756,3044.4144116394837
7757,2602.7483278654145
7758,2166.656253791088
7759,2311.2437938460885
7760,2538.62109046236
7761,2393.1772390383517
7762,2956.031645053542
7763,3436.514480209602
7764,4523.465120236142
7765,2067.375866179136
7766,2397.5892438801743
7767,2481.2201551497715
7768,2144.464303619876
7769,1905.161866564191
7770,3521.1201215029278
7771,2509.596853930055
7772,2938.537618479997
7773,1988.1161268706198
7774,2097.930123013768
7775,1854.9557377239225
7776,2360.7886310492504
7777,2519.4514172582662
7778,2083.21069162302
7779,2691.3368638050524
7780,2387.3354516114086
7781,1907.31809432022
7782,2600.0169348195727
7783,3380.309094477309
7784,1987.9657661242518
7785,3160.4275713060583
7786,1995.131810378964
7787,1913.021277281659
7788,2223.923391539733
7789,1937.1170400163824
7790,2423.9724124367976
7791,3002.5310704618178
7792,2077.051513199869
7793,2214.888033715128
7794,1864.8770707828576
7795,2225.9357307290848
7796,2856.931064628122
7797,2313.2168838514563
7798,2369.48953293714
7799,2189.8364793110186
7800,1868.9792689104358
7801,1838.1086225509864
7802,1928.8639780066296
7803,2623.0158280034166
7804,2917.608991807848
7805,2898.154755512891
7806,2629.726411080861
7807,3272.097371926151
7808,2826.1439009656815
7809,2758.4273816744208
7810,1997.7488192199553
7811,2959.1741011588847
7812,2592.7746850342696
7813,2952.738269853925
7814,2774.5074758847554
7815,2882.1624078989353
7816,2688.4507127328625
7817,2643.2549597896787
7818,2683.901892856986
7819,2713.2127638103966
7820,1881.80192322138
7821,2010.5025533852775
7822,2033.8299906906238
7823,2553.412738428362
7824,2273.9430500278045
7825,3338.280021993272
7826,2311.0943462651676
7827,2431.5730895172187
7828,2209.8150103261883
7829,2474.8820095058436
7830,2986.13709613622
7831,2074.538658791782
7832,3294.6449602950634
7833,3936.9750121629695
7834,2116.53592710225
7835,2426.5149618534756
7836,2602.2797444086714
7837,3283.895877059733
7838,2795.1361868296954
7839,2110.9632385637365
7840,2091.0589867071376
7841,2763.5311745585886
7842,2665.36466112
7843,2720.0520509677954
7844,3732.105053821734
7845,3305.8640235712123
7846,2147.2091546782813
7847,1963.7912204030208
7848,2992.3515166653015
7849,2218.1061988699757
7850,2394.396057501759
7851,2962.378145575286
7852,2783.635679926283
7853,2705.5280959755555
7854,2254.17427856633
7855,2950.2747093231337
7856,2650.762986424518
7857,3243.7218106403516
7858,2229.640053594958
7859,2174.1766630512784
7860,2701.8191974951915
7861,2489.2173787374945
7862,2132.5904212502305
7863,2785.563064097646
7864,2541.4429405671735
7865,2803.113284683889
7866,2160.009162267653
7867,3675.6802804813397
7868,2696.3839911221216
7869,2206.4142915108014
7870,2378.590683811505
7871,2916.693374642621
7872,2773.8873161477154
7873,2046.591204322313
7874,3876.789372054295
7875,2160.546519977551
7876,2108.50844613357
7877,2504.024782170397
7878,2944.008017331708
7879,3175.8567884631875
7880,2710.29135624841
7881,2480.081541640523
7882,2420.9501595338697
7883,2129.585401171412
7884,2984.273666823079
7885,3904.392288275304
7886,2804.103092127123
7887,2469.253123358919
7888,1746.9817960237424
7889,3302.6441193164287
7890,2891.8372011802817
7891,3706.586062903358
7892,2634.17291389418
7893,3367.477896593243
7894,2411.9537881377746
7895,2616.2434689014817
7896,2387.844259985474
7897,3063.0876536112487
7898,3207.9418301924416
7899,3225.950659556846
7900,2947.756207647661
7901,2545.373000720603
7902,1856.3903618183967
7903,2459.37098783363
7904,2971.410552839927
7905,2562.4680321678816
7906,2599.1785078586245
7907,2529.9300733267037
7908,2168.5306637959666
7909,1998.662249559079
7910,2505.6645665578444
7911,2148.1434449251456
7912,2961.3995123902528
7913,3097.889356979412
7914,3568.930962803487
7915,3062.406929154974
7916,2657.7594941633693
7917,2989.893093129708
7918,3195.6102482708757
7919,2512.8552343072424
7920,3293.887929949344
7921,2406.9809590058985
7922,3209.782028981325
7923,2118.022496870437
7924,2492.7286964711893
7925,2864.2313503277023
7926,1862.3744488699435
7927,3319.162049649327
7928,2132.4135336052655
7929,2184.0515955221545
7930,3198.0904105025584
7931,2092.8291714081133
7932,3389.7856232138574
7933,2786.9858824403163
7934,2654.8689752346295
7935,2200.9757610086444
7936,2203.2060588171744
7937,2124.413561343946
7938,3526.729102189389
7939,2450.5088220061125
7940,2732.9048280474053
7941,2073.7100692788035
7942,2240.3829831773346
7943,2179.3890195893896
7944,3586.9903661672242
7945,2035.346031804726
7946,2219.311995098588
7947,2379.9658247838956
7948,1985.3058664253304
7949,2465.8603052459266
7950,2986.05241525938
7951,2209.6163338028896
7952,2556.9299469538364
7953,2622.442584950031
7954,2431.493847523697
7955,2241.698663871899
7956,3345.0395791612555
7957,2218.3928056441355
7958,2766.4620579593793
7959,3424.719456041261
7960,1950.5097410054286
7961,2000.6249703283945
7962,3309.580276389569
7963,2479.8555179565183
7964,3110.651782159339
7965,4230.332540191315
7966,3089.240071015166
7967,2950.744436731865
7968,2006.0494439115814
7969,2279.23699695201
7970,2308.940267463298
7971,1978.8598948394108
7972,3208.8568697931983
7973,3276.435111537992
7974,2425.906009555233
7975,3238.493491643193
7976,3719.2282711127827
7977,1953.894015586888
7978,2251.8578317537904
7979,3971.875293727764
7980,2600.8225002211047
7981,2236.732734320769
7982,2471.402264386802
7983,2074.696016145305
7984,2735.2277478835113
7985,2248.812498439876
7986,1787.961021670242
7987,2376.695847598291
7988,1642.392420190317
7989,3824.4682340585987
7990,2891.298022141991
7991,2731.43114227907
7992,3304.731501993566
7993,3384.1503493564096
7994,2207.261992912421
7995,3482.179121546736
7996,3559.1101566098546
7997,2194.9360845944752
7998,2210.8889622509214
7999,2747.852650406807
8000,2702.018415820683
8001,2654.8335113924995
8002,3610.412485289901
8003,2867.39811100308
8004,2184.4649983598792
8005,2274.2856146132567
8006,2211.27087084869
8007,2137.4839284295585
8008,3467.9723758544565
8009,2217.9315922514493
8010,2428.825253825674
8011,1876.0014277006408
8012,2489.8518401863876
8013,2852.2641080103654
8014,2715.333664249449
8015,2155.3473804538326
8016,2209.8340739276873
8017,2072.717488396098
8018,2105.3119815706104
8019,2686.68292192508
8020,2046.001873830736
8021,2665.238600286304
8022,2349.318225861706
8023,3431.1689771874526
8024,2901.6512491372
8025,2651.2878919275045
8026,2343.5612300759867
8027,2192.8434432682257
8028,2424.145110572298
8029,3056.5213283046596
8030,2258.3714152573616
8031,2550.12002392162
8032,2050.0180313785336
8033,3522.107433061753
8034,2327.780464190472
8035,4677.415606156523
8036,2868.459253801167
8037,3328.21506359832
8038,2719.7902765224067
8039,2605.5690494296605
8040,3898.907683818832
8041,3724.798563115952
8042,2028.8595959981815
8043,2066.92293590719
8044,2310.766320090186
8045,3637.3132125136067
8046,3328.9060125162523
8047,2186.2959708384456
8048,3301.4205204851396
8049,1887.5110530439026
8050,1873.4257450572768
8051,2679.167267517747
8052,2631.117344049435
8053,2809.604851825691
8054,3568.4089101662594
8055,2252.5481762012696
8056,3285.1776917086454
8057,2527.6358500882125
8058,2013.2853165415559
8059,2875.5487742062337
8060,2709.5720270054853
8061,2208.18897290762
8062,2367.4937462591915
8063,3517.2737329785723
8064,2485.946165241955
8065,1961.3204880302974
8066,3708.0071232818705
8067,2650.4887529867674
8068,2092.05141200419
8069,3386.817964156317
8070,3470.4645485059973
8071,2502.6772245831844
8072,3012.861885464953
8073,3280.264337506259
8074,3563.3986628056314
8075,3836.411711667099
8076,3473.627106872026
8077,1895.6940788529564
8078,2146.8825012886573
8079,2244.338485306205
8080,2080.4616785203652
8081,2982.3139903545584
8082,2250.672824440074
8083,2644.5102188172914
8084,2307.5879569534054
8085,2339.9144294708776
8086,2647.6112705486075
8087,2323.2730188624887
8088,2356.220940987222
8089,2436.6691590569344
8090,3234.115796837951
8091,2177.483911051441
8092,1981.112575109927
8093,2823.0258353189265
8094,2118.881049460104
8095,2478.760081836728
8096,2634.8338074734247
8097,4289.787327589511
8098,3211.7932277574946
8099,2776.6437486605237
8100,2561.5659075541553
8101,1861.2513855360464
8102,2468.015129076526
8103,3154.6854612867305
8104,3190.748796615582
8105,2793.145565395539
8106,2845.810826735999
8107,1974.4482851332873
8108,2143.1057116173088
8109,2212.8983712217155
8110,2084.3284434104194
8111,2083.2535515260065
8112,2997.9191267563283
8113,3005.8236454038865
8114,2440.8240101158563
8115,2545.04938724158
8116,2310.894856597037
8117,2567.29109393386
8118,2553.935334817034
8119,3289.479787649194
8120,3516.9173071181804
8121,3161.843018707087
8122,2174.0644831577747
8123,2123.2457366523336
8124,1924.9754270402332
8125,2424.9290061276483
8126,2174.1583453565027
8127,2304.832061844908
8128,3190.29923165914
8129,2358.970469905485
8130,2101.085788126221
8131,2856.0774132656043
8132,2544.4746402266464
8133,2496.281998363319
8134,2149.12187924966
8135,2151.330076728452
8136,2676.7567975047186
8137,2065.635975951951
8138,3746.057067015631
8139,2147.8144822980516
8140,2494.020640946339
8141,2220.51394224637
8142,2972.002194498129
8143,2149.5125535673697
8144,2875.6189500024475
8145,2947.585305494721
8146,2519.8899976297603
8147,1856.3958496708774
8148,3035.163005742029
8149,2678.7598755567883
8150,2068.559039954859
8151,2241.672585521337
8152,2507.5909167156433
8153,2375.7148921094704
8154,3070.499725452932
8155,2883.037295617523
8156,2716.5306192559274
8157,1851.7691590942406
8158,2493.948822514225
8159,2658.992607843236
8160,2080.9494643519374
8161,2174.3922083289663
8162,2562.172766101735
8163,2067.2418376535384
8164,2503.817971507672
8165,2669.7117328355416
8166,1938.1440960996547
8167,2115.793372457791
8168,2006.0494439115814
8169,3343.255967875156
8170,2391.7793808615784
8171,2767.1555998385566
8172,3258.8460539734706
8173,3282.54945878101
8174,2021.0367810212479
8175,2532.162111714621
8176,1313.0751530451644
8177,2984.7908083568036
8178,2025.732442031996
8179,3030.9804669137507
8180,1536.3170112269495
8181,3081.8431630880095
8182,2394.0920615474915
8183,2564.616804906105
8184,2379.629288582093
8185,2275.822334043452
8186,1926.5174727277733
8187,2570.0910982127525
8188,2258.501748077686
8189,2587.8182305434857
8190,2044.5469408029771
8191,2634.1916966624426
8192,2520.7344771959506
8193,2251.407730161486
8194,2337.8315548685273
8195,2498.7897814309217
8196,2026.6043896492074
8197,1888.416257551019
8198,2257.2581976783113
8199,2204.3033568303244
8200,3650.693892926327
8201,3175.8079030771087
8202,3094.0795910006227
8203,2543.620461563038
8204,2484.041479642001
8205,2494.2250071742715
8206,3182.5126399509327
8207,3308.5028627341812
8208,2229.1045763453517
8209,2572.743434953637
8210,3450.021936363879
8211,2172.962355141827
8212,2959.5983344430315
8213,2314.4531046583793
8214,3768.9394685711904
8215,4281.109245850723
8216,1875.1457602428036
8217,1932.006619120053
8218,2062.110937953462
8219,3771.0401172805796
8220,1551.0267539144124
8221,2354.6720613799584
8222,2497.2849447876456
8223,1952.6292508895265
8224,2785.5438098386094
8225,2356.291702580043
8226,2032.7249770854683
8227,1974.9351751343015
8228,2195.6213136931947
8229,2008.459171495016
8230,2432.571929088309
8231,1996.8212345427592
8232,3191.780199173735
8233,2234.603628352056
8234,2318.629460444158
8235,2167.6657224925775
8236,2212.737221163581
8237,2307.0910851368326
8238,2215.361716974043
8239,2066.7694515141397
8240,3541.884020977598
8241,3317.347196804648
8242,2618.136998245821
8243,2307.657197095055
8244,2944.3315938232126
8245,2618.155088459809
8246,2588.8649985564584
8247,2005.1342349371537
8248,2081.434858205309
8249,2701.6152370885466
8250,2025.127375704729
8251,2637.2456813826466
8252,2764.394479593822
8253,2513.735624306618
8254,3577.0805201493
8255,2614.4004537905466
8256,2110.209531842832
8257,2793.6893565594355
8258,1960.2764166372954
8259,2389.9208512891837
8260,3090.6127989618817
8261,2463.7431680458008
8262,2430.533930883977
8263,2808.230016671807
8264,3343.0778870959293
8265,2028.3191396270038
8266,1844.5952882263996
8267,2734.6402187594203
8268,3088.106306284567
8269,2729.00588179253
8270,2116.0314930565596
8271,1951.802622419053
8272,2120.4152862291016
8273,1847.5014670071891
8274,3198.907673452505
8275,2562.660988626195
8276,3026.5968892693472
8277,2140.2408038649046
8278,2759.1118079643243
8279,2514.5513351611967
8280,3029.4560975100994
8281,3417.9614515102944
8282,2570.878298156472
8283,1959.4206526770377
8284,3051.9484753358856
8285,2155.0864619095664
8286,2276.02853270924
8287,3407.6446311465097
8288,2254.0530194934304
8289,2981.117726077736
8290,2650.7842917435664
8291,1695.755663823463
8292,2593.861034863485
8293,2361.475854577386
8294,2349.7531433633094
8295,3329.3772444722727
8296,2302.09317925659
8297,2217.333990735031
8298,2380.278688098528
8299,3482.2834228817756
8300,2226.060835022256
8301,1935.585154456463
8302,2741.5454899428273
8303,1894.8955249312587
8304,2459.9729141149246
8305,2897.5709311711144
8306,2490.3557929658573
8307,2248.99138186059
8308,2951.9333299977516
8309,2863.2371177192354
8310,1962.3843900174218
8311,2783.8901185020295
8312,1920.0299345973328
8313,3002.6536078832123
8314,2067.884024026441
8315,2813.2485819185476
8316,3028.9465916075383
8317,3368.7166044974692
8318,2209.994288359043
8319,3260.0995408650706
8320,1863.0253115076166
8321,1884.3397327870107
8322,3014.1841346408337
8323,2407.5309931679585
8324,2691.5455071478873
8325,2152.2314927067937
8326,2301.701518603795
8327,2253.8340325453364
8328,1911.783882948368
8329,3241.116442677844
8330,3424.227959612119
8331,2101.2042185960104
8332,2047.0432912209794
8333,2512.8211145794025
8334,2461.641517549936
8335,2353.048553964846
8336,2299.9534692308575
8337,2152.0657872450947
8338,2117.8064021197374
8339,2367.616282909491
8340,1884.886403683709
8341,3453.4735290513504
8342,2025.5492690580775
8343,3024.108619011623
8344,2240.268940181964
8345,2405.177698329579
8346,2096.8212135691615
8347,2555.1471620586995
8348,2732.741799640463
8349,3183.6400764409154
8350,2118.366719904634
8351,1977.580824159435
8352,3185.6562408344826
8353,1888.5834018993423
8354,1694.2010657514093
8355,2733.2559644768194
8356,3187.907890555404
8357,2646.413104359927
8358,2560.370291045026
8359,2234.344285483271
8360,2243.6511235117378
8361,2230.2221181765317
8362,2132.269344839701
8363,4139.233594280765
8364,2666.0904757020994
8365,2238.3321722349715
8366,3278.9016656743843
8367,2839.060522368093
8368,2448.4053182456473
8369,3140.450510545336
8370,2432.219035085632
8371,2146.204526478021
8372,2949.588730059543
8373,2091.3493274006396
8374,3035.715068164677
8375,3083.0668206444993
8376,3256.6419932657573
8377,3666.3114685480346
8378,3319.8330012910533
8379,2175.722649483211
8380,2882.534867402899
8381,2438.9917789906863
8382,2696.7072701398183
8383,2232.1611190850517
8384,2438.560556071893
8385,2080.82111404442
8386,1962.8588537585638
8387,1871.091569876493
8388,4213.769405968794
8389,2164.517450339138
8390,3174.828321921196
8391,3137.8114786680903
8392,2116.816812279063
8393,2462.6177543247127
8394,4126.166400263788
8395,2543.9467642578857
8396,2323.6925361727926
8397,2658.3950971240897
8398,2489.287479920784
8399,3532.3008755450273
8400,2579.1809477728743
8401,2949.033913976935
8402,2667.7544772168385
8403,2090.4982693308493
8404,2136.5435622919103
8405,2600.8125230632677
8406,2507.982192497958
8407,2318.7256102121028
8408,2900.144470397477
8409,2687.440975139817
8410,2199.1580290546735
8411,1867.1330549064319
8412,1812.883111672592
8413,2384.6393492085103
8414,2414.027213543359
8415,2868.933104193831
8416,2802.4070015898014
8417,2142.519816478765
8418,3167.4590323944662
8419,2196.8179700961878
8420,3131.217514355858
8421,3368.053850164587
8422,2149.5135331862584
8423,2602.001592975089
8424,2824.868192081707
8425,2740.9366196661513
8426,3401.028963355956
8427,2508.9484662569985
8428,2129.6205150106434
8429,2919.681751224085
8430,2269.811187453436
8431,2270.475424657729
8432,2431.6146755903624
8433,4423.4517156156535
8434,2555.1870329140943
8435,2941.461710112816
8436,2748.946244082327
8437,2543.549812164176
8438,3399.971915468566
8439,2178.4186384296236
8440,1875.3954377130613
8441,2478.4109140372225
8442,2854.992540988375
8443,1868.9467908633897
8444,2671.023294587764
8445,2410.8246977786202
8446,2347.649813168861
8447,2032.0974004301813
8448,3103.943595173026
8449,2556.4051745972515
8450,2073.972914526552
8451,2754.0188726506385
8452,2004.5503781019554
8453,2099.0636602104687
8454,2988.5963331999087
8455,2212.5177241771717
8456,3151.61076035764
8457,2212.0095392882513
8458,2773.938094745809
8459,2611.7636886399187
8460,2560.758305044893
8461,3075.556268157201
8462,2555.2463241088344
8463,2378.4665951476422
8464,2605.906063052058
8465,1930.8306574027356
8466,3125.9340645477096
8467,1892.8215714829762
8468,2654.030826579533
8469,2592.806760340257
8470,2795.088777809872
8471,2768.4841596812303
8472,2272.694569544036
8473,2599.000598058132
8474,3200.8951208281032
8475,3193.681240103011
8476,2436.1877789738405
8477,2038.1053426907322
8478,3082.0076416564934
8479,2864.3864031746566
8480,1849.0247714630182
8481,2311.7830520060193
8482,1955.8750566617496
8483,2735.884658797808
8484,2892.248583286315
8485,2138.029187729952
8486,2355.146612146043
8487,2235.607292694085
8488,1988.0940430216106
8489,2878.547598710911
8490,1892.1150714724458
8491,3118.009061342528
8492,2571.9623347456295
8493,2695.942320791103
8494,2579.561167154451
8495,2484.862062733648
8496,2609.4848444722006
8497,2429.9983245513286
8498,1987.955371546595
8499,2471.0658762446665
8500,1854.8153733084928
8501,2761.024677052795
8502,2550.8698687718534
8503,3477.101721551433
8504,2837.506257186269
8505,2433.59941974367
8506,3190.0960061209967
8507,2352.471837134807
8508,1894.199403096468
8509,3174.888177060776
8510,2566.4273860959956
8511,3116.534888628831
8512,2999.5388899023733
8513,2112.754151228395
8514,2679.777022911574
8515,2817.5091481792324
8516,2543.9283338887144
8517,1905.2669835964368
8518,2122.4647513694476
8519,3033.758394636446
8520,2246.575007784541
8521,1859.4549990961293
8522,2068.6920200457575
8523,2239.641772308345
8524,3182.325974387044
8525,3676.9059597414794
8526,2438.752259724138
8527,3736.726949824885
8528,3437.3418325511184
8529,2221.2084924009714
8530,2603.658833663849
8531,2409.368337802576
8532,3359.9394554509095
8533,2582.507078071611
8534,2553.0625776865536
8535,2566.6050726564863
8536,1972.7574475522176
8537,2054.983980469179
8538,2161.7153542224423
8539,3308.7477548194897
8540,3791.487711779588
8541,4335.896621287613
8542,2252.0535396413366
8543,2963.8731969699293
8544,2879.3081174106765
8545,1972.999682441908
8546,4303.804033673877
8547,2764.729077947294
8548,1851.520808108676
8549,2185.09649002563
8550,2411.268427647307
8551,2367.2528366704405
8552,2336.228938900369
8553,2070.981450214358
8554,2340.5695379163444
8555,2596.5481438797055
8556,2027.20023425764
8557,2410.384881946928
8558,2047.5981259298178
8559,2392.3381209002537
8560,2172.566298518494
8561,1916.6967884855756
8562,3692.992626458624
8563,2117.8833757253065
8564,3590.838441034206
8565,2109.475649534549
8566,3479.5378726375193
8567,2136.068124054461
8568,2210.516618433264
8569,2124.0297648234773
8570,2988.4017104060886
8571,2316.538302414958
8572,2419.6366346540995
8573,3175.697519435472
8574,1948.660110966208
8575,2287.7087469871476
8576,2520.3034594812502
8577,2998.8388984192
8578,2240.4801682847187
8579,2762.048600715565
8580,2165.6915171852934
8581,2348.4698774390686
8582,2735.5520731552606
8583,2196.7383487237494
8584,1951.836381903695
8585,2073.7499446930997
8586,3038.2162645926855
8587,2718.4908528027945
8588,3322.824274139375
8589,2021.83775533392
8590,2373.0834901502913
8591,2651.995889968356
8592,1814.364051613524
8593,2310.7674313574403
8594,1506.1103872400854
8595,2588.2784807554335
8596,1993.5944975928837
8597,2451.471304614103
8598,2225.1397367054933
8599,2080.3572371561004
8600,2062.239850327866
8601,2104.44534261708
8602,2426.3600506405064
8603,2163.1561138870193
8604,3284.242028905119
8605,2974.7283930444037
8606,2688.7807039868367
8607,2784.271282459262
8608,2668.293085401571
8609,3028.4773979520296
8610,4045.9891323372476
8611,2830.376211001336
8612,2627.7736330573935
8613,2137.7500159037945
8614,2893.1183252190913
8615,1360.2567429728401
8616,1594.0887436088874
8617,2659.523497293231
8618,2867.3498046479863
8619,2011.0866449255345
8620,2411.2636162711988
8621,3303.4908168955017
8622,2793.8874825654107
8623,3052.372529993561
8624,2133.516072671716
8625,2547.544717363563
8626,1932.9375100037873
8627,2966.529627904055
8628,2764.98485009442
8629,2632.7770146026405
8630,2675.68666882918
8631,2305.5149749915963
8632,4662.04395762452
8633,2045.8241048032512
8634,2834.3210266405877
8635,2111.757479775756
8636,3232.0273074273946
8637,2517.716941906353
8638,2509.8829632817365
8639,2442.06294312485
8640,2142.369514465367
8641,2302.1643966249667
8642,3653.0962347161962
8643,2415.477521703953
8644,2206.2170071843457
8645,2595.069011119889
8646,2129.577187260309
8647,3660.9014201065193
8648,3210.1921928168576
8649,2275.3223784860343
8650,2623.0554789569214
8651,2806.818933384474
8652,2372.134634017428
8653,2037.0442878140336
8654,2071.771353571213
8655,2493.2110445351636
8656,2542.859484323487
8657,2655.020551038433
8658,3010.2210715137257
8659,3010.7319561811
8660,1589.9279985713454
8661,2363.324818661032
8662,2510.171844057414
8663,2961.2168359088355
8664,2653.665101795952
8665,2158.6021400221857
8666,1891.1992357847366
8667,1842.1653606619152
8668,3164.308672287809
8669,3168.7145795596243
8670,2401.4998313030683
8671,1838.0846805444367
8672,2716.39630235464
8673,2442.5751522742344
8674,2319.9592129222215
8675,3048.44772232956
8676,3341.3913458868305
8677,2025.8538197251792
8678,4099.204457902835
8679,2470.5958257966695
8680,2671.537687768976
8681,2753.3774218774543
8682,2450.1860869888333
8683,2088.410160980946
8684,2746.1533162921223
8685,1939.6931093047579
8686,2993.6880700537413
8687,2207.5886776389248
8688,2377.7979651299165
8689,3240.6828484242915
8690,2196.392946435066
8691,2510.8832592042527
8692,2240.268940181964
8693,2696.526104787102
8694,2362.818319403309
8695,2236.087367126203
8696,2350.169071852273
8697,2295.022369191438
8698,2342.927056508825
8699,2018.4725059134591
8700,2242.0627147367904
8701,2707.0068081808868
8702,2766.720244802672
8703,2159.5789849108073
8704,2481.278179943834
8705,2078.0831880332926
8706,1887.8769002090855
8707,2420.6065828134197
8708,2591.241964221135
8709,2466.892352401672
8710,4362.409429870931
8711,2163.037610571773
8712,2198.0693062647497
8713,3603.5016907928184
8714,2150.492946972514
8715,1758.2970004301744
8716,2196.6569736863235
8717,2094.037386205905
8718,2365.8761204423395
8719,2653.4020869479846
8720,2791.5638264779454
8721,3203.804368338574
8722,3812.467915338758
8723,3033.320612851432
8724,1965.1867135354387
8725,2776.480163850906
8726,2197.8101513495985
8727,3200.0272398648995
8728,2894.4822051920473
8729,2141.7984559657225
8730,2341.09370636368
8731,2305.984368376497
8732,2339.053390450283
8733,2127.780136096776
8734,4106.602661755211
8735,1886.0823332807613
8736,2389.368370051955
8737,2210.0085337120063
8738,2165.2942748248106
8739,2385.540560236856
8740,3197.413374103293
8741,2017.8726382268749
8742,3378.514193687562
8743,1948.6294544657617
8744,3135.524706677472
8745,2258.0178006825563
8746,3508.815009752974
8747,2272.508713883325
8748,2773.760609140334
8749,3512.910962131754
8750,2237.152669375101
8751,2709.7820158589675
8752,2316.612176397148
8753,3309.5496423001186
8754,2115.128363628172
8755,2135.1222819891345
8756,2729.823873362069
8757,2774.5441169397263
8758,3050.1826926008725
8759,2411.329424317245
8760,4143.220372675432
8761,2454.528789452274
8762,3436.7171451596378
8763,2504.390861677957
8764,4138.451382989591
8765,2270.2396852276174
8766,2593.0726279383243
8767,2923.855876161503
8768,2207.3240629386596
8769,3841.7300159342376
8770,3214.4273730083933
8771,2107.1845689647616
8772,2247.023868526288
8773,2548.7138377741085
8774,1952.7964528469874
8775,2927.4512584884374
8776,1870.1886465638822
8777,3490.0357739715914
8778,3118.213051252159
8779,2246.224036786717
8780,2322.685627598012
8781,1953.0148876276648
8782,3638.565365861696
8783,2643.803213581812
8784,3213.205765537987
8785,2287.8901884858114
8786,2107.7012775012545
8787,3818.7357534579714
8788,2411.723037729317
8789,2553.481594813312
8790,3794.625454645035
8791,2074.6295157975455
8792,3483.0257927837506
8793,3226.9446533076252
8794,2435.70067540551
8795,1870.2873815478547
8796,1987.0082261235327
8797,1974.88352816044
8798,2626.6000028013614
8799,2917.7209953932743
8800,3958.2850639575104
8801,2849.0047773655124
8802,2399.7508409059947
8803,2352.914802446179
8804,2188.2103455371916
8805,2129.7504308546963
8806,2275.826303657139
8807,2089.5898522822777
8808,3627.7714574925585
8809,1978.0452169556447
8810,2829.9579794116607
8811,2107.845852590056
8812,2279.1449975845394
8813,1942.8366199253214
8814,3069.7407056328093
8815,2362.831727664949
8816,3655.850179668745
8817,2788.249556632306
8818,2088.674673616763
8819,2266.2023803313823
8820,2452.498573979765
8821,3333.289924123675
8822,3248.986046617212
8823,2097.276066719999
8824,2032.229874169932
8825,2586.593371462155
8826,3301.6716882242945
8827,2496.239089324018
8828,2101.957346596193
8829,2622.0087888473377
8830,2492.6648029924486
8831,1901.9614284566226
8832,2190.0931619002195
8833,3177.2162980765333
8834,2465.3117525479593
8835,2142.6603115929875
8836,2973.6177761267927
8837,2765.9985598869507
8838,2463.465214677505
8839,2191.3879281989425
8840,3370.8499139803425
8841,2253.2386263024673
8842,2426.5070974860946
8843,3096.872933384738
8844,3722.0109150017574
8845,1991.7668259747236
8846,2305.501501675215
8847,2926.6415115465134
8848,1938.2824530699645
8849,2642.519169398979
8850,3097.6654003221474
8851,2426.976628222989
8852,2099.5965756853066
8853,2117.504850079491
8854,2563.78324874208
8855,2316.6936970636257
8856,2034.5459936717364
8857,3388.1041947873423
8858,3579.528680616062
8859,1861.6399541608841
8860,3436.3727591210118
8861,2067.7766916417004
8862,1945.9489489046878
8863,2185.849044530591
8864,2258.6944428487977
8865,2339.712423211069
8866,3382.63176037313
8867,2482.039175428731
8868,2130.3193788639865
8869,3110.945781594255
8870,2267.0571607082447
8871,2405.7563447618923
8872,3447.1939680267346
8873,2294.139860885559
8874,2165.849366393769
8875,2193.682346532791
8876,1909.5300686509236
8877,3135.236262021832
8878,2964.3170140197954
8879,2942.2099290918754
8880,2549.1945283597192
8881,2622.268177679188
8882,1888.447714415117
8883,2789.024429443044
8884,2511.184204054439
8885,2641.1434862112565
8886,2454.38511890104
8887,1997.488573153727
8888,2196.5784846749207
8889,1870.1737363958305
8890,2141.383637652702
8891,2117.781786897446
8892,2819.8212671741603
8893,3355.1834719446315
8894,2508.228032983522
8895,2889.423302731438
8896,2460.378879972071
8897,2815.781235101712
8898,2194.714832427061
8899,2309.1119051948244
8900,1839.2936058475702
8901,2528.6278696092136
8902,2323.6761921600655
8903,2505.442682993744
8904,2520.242812895609
8905,3263.395155404653
8906,2884.0790951696035
8907,1953.3735469698968
8908,3398.2882116453206
8909,2840.9346684880356
8910,2722.760332482344
8911,2505.4699980403507
8912,1759.1823736278866
8913,2052.7875196645164
8914,1984.9048758158774
8915,2587.468618078232
8916,2141.594669080213
8917,2879.456868189084
8918,3067.609547984198
8919,3996.9017570989563
8920,1795.136697518283
8921,3149.9722026306144
8922,3303.5002856768706
8923,3701.3308287680456
8924,2136.426080805092
8925,2525.0281571409355
8926,2174.0644831577747
8927,2944.3865004690815
8928,2393.377070378543
8929,2763.8735682475617
8930,2511.4954445544413
8931,2795.6981693224902
8932,2385.94486932991
8933,2305.543741419663
8934,2918.428399451028
8935,2782.4379020722363
8936,3655.510113096352
8937,2011.2313193929779
8938,2996.785005324993
8939,2230.8676218041987
8940,2662.1699718872324
8941,2382.1610209644227
8942,2042.7943684108607
8943,3216.8007619232085
8944,2286.5267286078756
8945,3303.784923519426
8946,3037.304631598752
8947,2225.9246650659047
8948,3177.339942785031
8949,1830.8523555170216
8950,2293.0639448546917
8951,2916.411119356479
8952,2142.9163844985032
8953,2625.2001684791285
8954,2219.993767779405
8955,2702.300110789146
8956,2339.697634114863
8957,2393.970697864688
8958,2748.964009129898
8959,3168.6844308740424
8960,2178.081879099153
8961,2986.722302433441
8962,3364.2064190324177
8963,3272.7946445497264
8964,2485.7168064107923
8965,3025.850956582907
8966,2681.7890078902274
8967,2382.472152804087
8968,1881.8841261809039
8969,3109.500758401121
8970,3024.3014493918354
8971,1426.5008040332984
8972,2323.426887063692
8973,2400.9488008210296
8974,2147.188130578245
8975,1875.371536832578
8976,2219.866903447465
8977,3433.7753820558005
8978,3025.0189477037447
8979,2165.984071627904
8980,3193.872661978656
8981,3580.982107969095
8982,2335.3018242151834
8983,2584.4958540736616
8984,1886.3710382840063
8985,2878.9309075220112
8986,1900.6528046459753
8987,2429.4021940437215
8988,2534.019647711761
8989,2933.5821988291805
8990,3371.720839840006
8991,2361.1435711165136
8992,2366.997624451874
8993,3192.480256127159
8994,3831.0633957759264
8995,2966.2870637819055
8996,2519.000521761202
8997,2367.651031177295
8998,2240.937515470284
8999,2079.2061362559552
9000,1899.4757845999895
9001,3396.473731601125
9002,3145.70752325458
9003,1934.6878591706577
9004,2326.573061733393
9005,2725.2357105588517
9006,1690.3702391002746
9007,2234.062498743542
9008,3570.79401582996
9009,2406.8298926574125
9010,3453.911346515124
9011,1997.4849083742602
9012,1941.171895160464
9013,2889.679764473437
9014,3569.0740790780346
9015,3515.867792767838
9016,3861.99394071141
9017,1952.1406386257222
9018,1949.6441053640565
9019,2151.1903884465596
9020,2386.54004996838
9021,2827.787873798471
9022,1903.9443370459426
9023,2525.5839227719844
9024,2619.2298003643373
9025,1877.9694843446678
9026,2579.846127992302
9027,2755.0508880970274
9028,2156.299895837409
9029,2954.248785915813
9030,2008.856277516637
9031,2968.231657726149
9032,2947.585305494721
9033,2242.4137339931895
9034,3387.790040323706
9035,3240.1661675676387
9036,2281.344859525436
9037,2471.6139219577162
9038,2237.117929738144
9039,1801.7266799883487
9040,2044.5153813569423
9041,2322.348221276696
9042,3357.9956891997545
9043,3960.5198150885176
9044,1814.805362221888
9045,2315.698296955594
9046,2392.9758124278123
9047,2975.7647025815554
9048,2771.32858849181
9049,2438.866716433293
9050,2033.0730809693214
9051,2883.6491855405957
9052,2020.0662119580056
9053,2484.168001346485
9054,2304.3954782184587
9055,3476.1441990311682
9056,2849.4575578377426
9057,2838.004275401331
9058,3133.776994015888
9059,2174.2283717315745
9060,3243.528132772159
9061,2990.072864301904
9062,3293.8112524573407
9063,2166.252787334839
9064,2218.5123567616374
9065,2680.3816599241536
9066,2505.8505307273763
9067,2513.0933872363753
9068,2114.9117231425753
9069,3118.5057896584876
9070,2584.1147816848143
9071,1949.2107543824193
9072,3152.4661033628395
9073,3351.575092158243
9074,2412.1586260066433
9075,2239.2068814597556
9076,2265.9512747096724
9077,2098.6463111078087
9078,1962.8272372287238
9079,1981.3573688664908
9080,2306.3211402223424
9081,2901.984609876279
9082,2157.633780998356
9083,2255.3413220572643
9084,2458.6763648173346
9085,2623.0983122364455
9086,2220.392725767057
9087,3302.1319672898976
9088,2548.8864310785125
9089,1890.8057412670184
9090,2029.3899044263621
9091,3474.9354853814057
9092,2746.7485940844554
9093,2190.94370322589
9094,2647.998569125134
9095,3098.8230336541183
9096,2948.935319653109
9097,2163.846859570205
9098,2900.958983056939
9099,2028.9944868261541
9100,2249.5767885408195
9101,2515.3655744520943
9102,2199.256269385297
9103,2420.336395952294
9104,2042.6626886471365
9105,2654.497769886646
9106,2045.3608827561657
9107,3490.2356335260447
9108,2844.6674309721043
9109,2320.4270430157376
9110,2513.0152826355625
9111,1862.7172538542056
9112,2705.568897813384
9113,3279.4202506763622
9114,2843.380988597248
9115,3141.927459970576
9116,2959.0250254103835
9117,3151.6079008335687
9118,2507.9942512331977
9119,3256.3629158730037
9120,3133.0903408521967
9121,3055.369547478239
9122,3293.545191353892
9123,2604.053340716807
9124,1887.3023083370863
9125,1845.483203530985
9126,2506.531144279714
9127,2459.0766569049306
9128,2970.410332472032
9129,2797.3934330861157
9130,2613.274960699784
9131,2561.027301605875
9132,2171.3176868544388
9133,2807.7493105428825
9134,1746.9817960237424
9135,3421.618028552591
9136,2028.5728005895844
9137,2839.086186036842
9138,2498.176322909668
9139,2812.6789924121567
9140,3050.6111518491107
9141,1941.3024963670061
9142,2216.585349126986
9143,2330.5013172875374
9144,3618.7731333181864
9145,3174.33318580866
9146,2851.12939555245
9147,2481.550068650215
9148,3058.3096060636763
9149,1880.3271628499936
9150,2071.0844754198097
9151,2488.8240245051807
9152,2395.1575873369648
9153,2782.179801809517
9154,2343.097364100497
9155,2167.3063350611615
9156,1969.5427052156097
9157,3244.8043057451764
9158,1974.457726887109
9159,2346.539042723093
9160,3463.6166309527493
9161,3724.78652235801
9162,2616.5494028328358
9163,2350.2335986906583
9164,2133.361198656641
9165,3466.5867753950793
9166,2198.1297258008
9167,1900.8927188664327
9168,2641.9889905831765
9169,2199.5109307309863
9170,2156.532944223395
9171,2666.2372198934722
9172,3646.015187975751
9173,3561.626455554143
9174,2152.294867380242
9175,2867.9720416106557
9176,2592.1889841655425
9177,2207.1600564078403
9178,2526.714222277253
9179,2245.825823172665
9180,2711.0350154391135
9181,3385.332198479533
9182,2075.177192203198
9183,2831.2415054784324
9184,2678.1333496195202
9185,2635.414690716564
9186,2644.8756491362847
9187,1974.5808544009979
9188,1363.215030300582
9189,2397.767631983827
9190,2242.993647005549
9191,1711.989627848183
9192,2585.0218782697
9193,2871.2388801666984
9194,2489.747192874135
9195,2398.3331413981377
9196,3542.8474401140334
9197,2536.2359030569287
9198,2964.98434020865
9199,2789.1688505601546
9200,2254.247739869708
9201,2983.532766798907
9202,2988.464080934006
9203,2696.941235035556
9204,2190.4428785887203
9205,1980.1914354176129
9206,2368.7707590091295
9207,2702.8709619425163
9208,3108.622156229617
9209,2052.462759221755
9210,2540.778748499128
9211,2799.22770124977
9212,3392.209577014618
9213,2463.7079568145687
9214,3112.4694467550353
9215,2316.63046775216
9216,2202.73572392901
9217,2428.453268344166
9218,2106.12961344841
9219,2334.143898885142
9220,2680.2963440479243
9221,2371.6352465092536
9222,1554.103522541668
9223,1933.0172855413798
9224,2478.373165784596
9225,2182.41958577273
9226,2814.2394273535983
9227,2290.1653290882596
9228,2538.2247750005426
9229,2312.624663965698
9230,3270.1127040818474
9231,2684.355599706506
9232,2083.4172221114854
9233,3406.674092453223
9234,1854.0963328944013
9235,2096.2563498771324
9236,2583.0752977390534
9237,2531.2777403737136
9238,2698.3001269272327
9239,2833.8258976532256
9240,3605.3320040470917
9241,3275.0669583674644
9242,3950.015696945269
9243,1878.3505870465406
9244,3164.2902350482846
9245,3209.668758725684
9246,2732.53945953109
9247,2844.1219607399876
9248,3314.511813654609
9249,2687.7440991502444
9250,2218.0863966469974
9251,2294.8393452800324
9252,2493.496710003476
9253,1822.322762298074
9254,2388.043278625821
9255,2384.376240806939
9256,2353.3510977645933
9257,1753.833226698979
9258,2039.5547010730027
9259,3456.3333168741424
9260,2095.073207386813
9261,2110.7130482131374
9262,2473.6393556445028
9263,2471.896528986932
9264,3123.3557135247215
9265,1931.300021860875
9266,2872.769585426893
9267,1828.7594452367518
9268,2334.02607141314
9269,2077.9525527054666
9270,3464.330365612663
9271,2036.0287410259275
9272,3277.883627934424
9273,3129.1489529883956
9274,2871.901057603631
9275,3080.419784037509
9276,2501.0932246169095
9277,2340.552983167898
9278,3029.344165965448
9279,3042.3196065472
9280,2055.0420683186244
9281,3450.751923741719
9282,2438.0917397103485
9283,2803.4460318440306
9284,3152.838182898064
9285,2401.1346642753965
9286,2442.7388500522293
9287,1764.3485847569136
9288,2774.160339131893
9289,3365.8220519511315
9290,3171.059943855114
9291,3188.4594029200653
9292,4056.6007298092563
9293,2180.764198366699
9294,3631.228466621348
9295,2108.224943028808
9296,2938.648075674304
9297,2571.339126980849
9298,2719.010262774309
9299,2559.4728682390296
9300,2948.667014151047
9301,3330.0875479768492
9302,2028.4336726440076
9303,2924.6749106702696
9304,2287.7001297069396
9305,3274.0473302821
9306,2359.882033203804
9307,2321.8214499620362
9308,2675.64544650705
9309,2335.2742446199663
9310,2340.619400327341
9311,2462.457678566996
9312,2530.2151114188964
9313,3804.4841526635705
9314,2821.9116805616786
9315,2944.378902013053
9316,2346.1043588651482
9317,2800.3478486670974
9318,2492.608069532806
9319,2203.924758227593
9320,3383.2968204972426
9321,3724.2543641367747
9322,3008.2403918072005
9323,2467.220553952414
9324,2822.183530192663
9325,3003.975773868813
9326,2184.9931419366844
9327,2382.2959433771857
9328,2461.312889729539
9329,1977.4707604350529
9330,2236.0998512157553
9331,1998.1651385746943
9332,2272.761224612943
9333,2541.2142966201136
9334,2228.341711883047
9335,4090.020568342157
9336,2331.85651473227
9337,2012.120607608069
9338,2140.2610572404337
9339,2554.2520375956096
9340,2467.1079900518052
9341,3124.5584180534406
9342,2631.1121803838178
9343,2503.781964063306
9344,2835.3986189828283
9345,3431.149011533127
9346,1991.5360709030233
9347,1882.8311849557385
9348,2671.165636405398
9349,1470.6454550306196
9350,2303.5706010807053
9351,2415.274673888219
9352,2523.0982504183526
9353,2822.277494556591
9354,1985.845447965207
9355,2277.034871816368
9356,2228.240425259679
9357,2192.5617298725715
9358,2753.9516376865786
9359,2635.9604949702307
9360,3225.546220836308
9361,2282.8267864069476
9362,3021.0465416787656
9363,3009.012648563098
9364,2462.306876505371
9365,3275.9334105379835
9366,2249.5455571453967
9367,2473.492637126671
9368,2630.2735794322325
9369,2109.137410611558
9370,2453.345678896571
9371,2890.5355315917504
9372,2825.8716399510095
9373,2438.165478900906
9374,2284.1874046839403
9375,2065.7450726225097
9376,2501.1947170363655
9377,3077.098187089784
9378,2144.796894499114
9379,2459.9585888960737
9380,2100.1659393930086
9381,2627.4600753341965
9382,2112.7500371580777
9383,3035.1672934162348
9384,3257.766426214612
9385,2705.3019848239323
9386,2076.3955314194554
9387,3544.7961532049344
9388,2421.2228011728876
9389,3086.610752108574
9390,2133.7511624457093
9391,2612.693675366756
9392,3142.597375317825
9393,2594.9667205684163
9394,3555.1546210606475
9395,2538.646414170941
9396,2678.599653121073
9397,2346.4718314248057
9398,2750.118513626133
9399,2591.142801591995
9400,3409.2586915770808
9401,2633.354821505946
9402,2125.6612186756433
9403,1989.3788520941514
9404,3099.0418550216928
9405,2767.0414642848464
9406,1861.5106058458384
9407,3129.481196628048
9408,2162.5826868431495
9409,4113.9555828131315
9410,3132.322034794567
9411,2606.9339983357504
9412,2126.347219369084
9413,2135.8895720539167
9414,3909.560728918541
9415,2255.588698045234
9416,4184.6927918701695
9417,2399.16560893024
9418,2038.46202438515
9419,2149.746273136931
9420,2612.509796482152
9421,2092.2449154758465
9422,3808.1544861601506
9423,2309.3089739802117
9424,2433.208324104976
9425,2007.0723397063946
9426,2525.029691383875
9427,2193.772894412973
9428,1860.032612566855
9429,2943.699589328433
9430,2039.867800028544
9431,2297.1178984507546
9432,2448.038730239523
9433,2454.8798136955775
9434,2379.350086967641
9435,2313.2136636231585
9436,2517.1067943765156
9437,3849.5210666378016
9438,2132.9887736990404
9439,2386.399504825944
9440,3320.3271611405535
9441,2663.3211953357877
9442,3050.6126134534607
9443,3466.6960870967623
9444,2288.6317420252135
9445,2060.760616645417
9446,2795.5798201547977
9447,2661.6575856273053
9448,2455.4201594264637
9449,2575.284371404552
9450,2501.624275614814
9451,3926.487034590894
9452,3643.1233529123565
9453,1666.3222675597058
9454,2322.24526408969
9455,2359.85263753062
9456,2940.645281360097
9457,2980.0569692111985
9458,2050.1388510171655
9459,2407.4632839877922
9460,3160.1728167678875
9461,2099.087216503449
9462,2452.492498766237
9463,2035.5076958491345
9464,2194.8279251633758
9465,3122.7721727429625
9466,3198.231324480333
9467,2059.5847695880275
9468,2114.5402579415727
9469,2351.5965764562793
9470,2278.2743510868218
9471,2836.1582477770153
9472,2915.5294810713704
9473,2022.4330806502335
9474,2430.3871393328504
9475,2291.3660585414736
9476,3149.3035796068602
9477,2759.460369081936
9478,2698.15291908807
9479,1898.8795311242916
9480,2366.323598441892
9481,1937.5067063805132
9482,2029.4750274251408
9483,1926.8464899664427
9484,2739.891666639278
9485,3769.9660264536483
9486,2052.9794279715034
9487,3360.3079293975934
9488,3197.5935698727517
9489,2420.0994296615263
9490,2627.4284290019305
9491,3017.811823521218
9492,2848.2119564146888
9493,1897.7326467545706
9494,2074.401892772195
9495,2121.1122986785
9496,2832.312785168362
9497,2198.104904301389
9498,2439.8620878353477
9499,4050.3115459342043
9500,3322.4168768126415
9501,2386.635274132119
9502,3331.270227897863
9503,3432.181612666197
9504,3372.561080955757
9505,2520.082471839451
9506,4467.88843026491
9507,2975.75908020185
9508,2751.2411739576287
9509,3011.408891887026
9510,2467.6408259549166
9511,1810.142560687791
9512,2550.294277524472
9513,2823.499426202786
9514,2159.1125838246207
9515,2225.9549882496804
9516,2875.5695240425703
9517,2894.52868935998
9518,3676.502849824552
9519,2121.5155673233967
9520,2427.93194312193
9521,2494.7019049501555
9522,2090.4459779129984
9523,1868.3249801308182
9524,2367.490591223815
9525,3743.7977817795163
9526,2874.320734525876
9527,2567.799036302019
9528,2510.8832592042527
9529,2142.2549088315136
9530,2581.6902928478994
9531,2130.6282470775436
9532,2911.978976616653
9533,2175.5607399179917
9534,3477.5002863125305
9535,2548.7160664360017
9536,2387.163158847724
9537,3283.812217642886
9538,1948.0490521727293
9539,3243.735386169555
9540,2779.744175638438
9541,2475.0457058090196
9542,1963.5557491710144
9543,2146.5257540556167
9544,3541.7050629221617
9545,3349.987522423008
9546,2518.328781338456
9547,2882.0382180366823
9548,3195.462076751781
9549,2265.52588526129
9550,2622.571190693434
9551,2362.251914459819
9552,2658.1073021764005
9553,2632.538437871148
9554,1840.3148015601855
9555,3028.8284468348174
9556,2493.558162450437
9557,2544.7701264937577
9558,2539.3889878038945
9559,2428.2768796014357
9560,2556.6129365806473
9561,3704.955339055472
9562,3579.9003621371453
9563,3765.4737828028638
9564,2593.866616463486
9565,2012.4774397684487
9566,3324.901033123235
9567,2141.1432429448023
9568,2250.257771249249
9569,2615.047525882932
9570,2400.620254190861
9571,3223.900052270275
9572,2502.3716601954548
9573,2742.0681676817203
9574,4045.8155903675442
9575,2533.4593562431346
9576,3162.2935823647304
9577,2518.6829028785696
9578,2340.3949989326693
9579,2442.8107269155994
9580,2081.814490449984
9581,2029.9391510221315
9582,2895.701885604533
9583,1892.8811079606182
9584,3107.178712179874
9585,2785.2051038859663
9586,2513.6191568316162
9587,2409.300947716766
9588,1915.465078404081
9589,1867.0219906468583
9590,2100.214444235072
9591,2948.5549864992736
9592,3335.2002812185638
9593,2549.1201915385573
9594,2454.477455634564
9595,3384.834829462568
9596,2187.6038162223213
9597,3182.7024307601123
9598,2926.901572471319
9599,2079.6959127075856
9600,1981.0596257329216
9601,2801.3484639375874
9602,2167.4162224204374
9603,3059.2352094083494
9604,3213.2339279161533
9605,2460.223631083954
9606,2071.7133801297314
9607,3595.7763899894017
9608,2532.5498721202225
9609,1861.7887777403957
9610,2316.9289929000306
9611,3056.72197758144
9612,3318.547894569826
9613,3426.0655590905135
9614,2819.385980539044
9615,2796.608150385061
9616,2255.362886991135
9617,2242.392949753525
9618,3491.7234664440584
9619,1876.3662674862019
9620,3242.7290364898186
9621,2539.0739206747658
9622,3307.1900505486265
9623,2296.423034288314
9624,2257.0163015358053
9625,2725.928247798671
9626,2188.0100212734596
9627,2406.9994871713607
9628,2859.414385039635
9629,2230.0192391616138
9630,2387.8457976145123
9631,2142.7776951383657
9632,2022.6331071574618
9633,2149.856479572237
9634,2051.228778001141
9635,3914.842211661835
9636,2878.021080714168
9637,2925.987327247035
9638,1998.8522979432905
9639,3166.4492508980275
9640,2809.835723005165
9641,2691.04728751751
9642,2013.0992946735628
9643,2448.6696728287784
9644,3150.637039908869
9645,2291.7889580905894
9646,2077.1873864060362
9647,3776.3847859659627
9648,1971.089540093748
9649,2286.1638534157187
9650,2412.389703310131
9651,2336.0307252189677
9652,3069.6406499353398
9653,2630.6766688820007
9654,2454.0715621890795
9655,2289.130200551797
9656,2222.1292242575555
9657,2833.7143147961897
9658,3177.521595475554
9659,2621.8200961729126
9660,3111.996007828544
9661,1898.8060167012873
9662,2631.495283441031
9663,2415.338005540925
9664,2063.1449502988435
9665,2760.7650681572986
9666,2818.6328799289363
9667,2332.840155251583
9668,3168.825809507682
9669,2458.0230288433468
9670,2119.8146362664193
9671,1939.5774999784167
9672,2299.0843873305557
9673,3748.379225651996
9674,2603.209956516671
9675,3248.5467327257184
9676,2200.932749812686
9677,2741.4815173636016
9678,2805.3352685872114
9679,1959.7045029197056
9680,1928.015441667993
9681,2685.9299305952354
9682,2249.0260384169887
9683,1921.2762500901586
9684,2183.5351895760277
9685,3536.3271732797266
9686,2215.5455104985
9687,2311.792682214052
9688,2336.4093846496676
9689,2136.8482856196315
9690,2529.7223720124907
9691,4130.642930156204
9692,2278.5247395568376
9693,3204.8707769024295
9694,2168.8725829631785
9695,2627.745834645355
9696,2022.7984534661869
9697,2827.8776688193093
9698,3343.2626868745338
9699,3797.70667983363
9700,2313.447081864069
9701,2569.8072244166697
9702,2413.7734797792427
9703,2214.0547507649007
9704,2193.6960415901813
9705,2387.844064436711
9706,2563.4198705139006
9707,1842.7630180841256
9708,3052.3632854138314
9709,2901.0948931887797
9710,1670.0375429596618
9711,3525.921617536345
9712,2668.3289682531085
9713,1863.6387965546423
9714,1919.7684014777865
9715,3860.3054302724
9716,2196.7646172390587
9717,1869.5670130219346
9718,2611.91760949856
9719,3233.010670794639
9720,3274.132503963648
9721,2418.1472626667146
9722,2809.6153134001856
9723,3082.0928583138493
9724,2313.434950027815
9725,1923.5474503632095
9726,2007.29271615051
9727,2155.014932957646
9728,1900.530272209732
9729,2214.1695443246463
9730,2509.9147731164276
9731,2208.4235431781008
9732,2304.421382940621
9733,2583.904590690401
9734,3747.2136729665917
9735,2584.701068547355
9736,2652.2710870906126
9737,2928.8894494262245
9738,2608.873162180611
9739,2270.5739726073516
9740,2283.218627901557
9741,2536.5908021026444
9742,2497.8837291912487
9743,3054.658497672235
9744,3359.6623763103707
9745,1886.4727987633378
9746,2645.5136624306324
9747,2134.7488687193536
9748,2236.446348413955
9749,2523.1772065279542
9750,2707.4182303189023
9751,2747.2146865663926
9752,2278.907252619863
9753,3322.1627780000426
9754,2314.210177563319
9755,2532.571473037693
9756,2493.2614173401716
9757,2501.8792187877766
9758,2175.2296261705355
9759,2347.1685859829613
9760,1978.9212541783018
9761,3280.720673308654
9762,3574.4501512848674
9763,2422.1237977427727
9764,2144.457557256411
9765,2498.7330682536867
9766,2736.903371324811
9767,3575.0537676321683
9768,2599.7988622444573
9769,2456.070889732655
9770,2450.1025919533204
9771,3128.6253323204137
9772,1870.5260127894348
9773,2888.4496994689957
9774,2929.051833705216
9775,2171.236713330037
9776,2746.578000946126
9777,4906.547841380214
9778,3842.7363217301313
9779,3125.3073416395296
9780,2799.9398384461165
9781,2758.164752334138
9782,2437.4274145687677
9783,2294.8888406507926
9784,3024.7824880837697
9785,1535.3055790695182
9786,3159.152745838463
9787,2328.1274188552434
9788,2247.389306049248
9789,2219.7599155239695
9790,2059.7440610543954
9791,2682.211961616972
9792,2007.9733489383666
9793,2088.571822413456
9794,2181.104987096528
9795,2448.606198317333
9796,3412.4464420975046
9797,2268.546878316941
9798,2435.0613732523248
9799,2216.667751849585
9800,1972.4560221123702
9801,2530.133187831141
9802,2354.814919089198
9803,2837.6613512321674
9804,2744.294967322491
9805,2531.245697154598
9806,3308.9210121683354
9807,2491.7257356147975
9808,2152.4224686864536
9809,3609.1411975783462
9810,2323.142064615713
9811,2963.2008077076625
9812,2026.6043896492074
9813,2565.5994526619043
9814,2730.454374149861
9815,1876.9002354984887
9816,2580.1291852715876
9817,2106.809899842691
9818,1811.4767070970943
9819,2794.567194096136
9820,2330.9126509084
9821,2811.82265840981
9822,1860.3731537664742
9823,2340.925345323092
9824,2719.507802470266
9825,2526.1718137879952
9826,3249.6878542865134
9827,2938.5233254874815
9828,1956.8967333090322
9829,2126.569967096425
9830,2065.0269182400616
9831,3310.311308355226
9832,2113.170826464315
9833,2299.292632909159
9834,2353.2630049903423
9835,2418.138686700114
9836,3020.642617447197
9837,2438.9092295443497
9838,2471.6124927728706
9839,3092.006447318344
9840,2700.236299941837
9841,2422.994144147656
9842,2823.4234196967
9843,1905.3627634177665
9844,2516.80375564544
9845,2264.19559073822
9846,2095.6222102560614
9847,1809.7743286770437
9848,2314.887757587034
9849,2271.4290040635947
9850,2528.6400017072374
9851,2234.2927635852448
9852,2306.8787976484655
9853,4285.880273250622
9854,2328.6845380976147
9855,2557.90763953037
9856,1687.9852727995003
9857,3769.3340865859527
9858,2930.3699743988727
9859,1997.207592452075
9860,2267.8034740012695
9861,2231.462441889239
9862,3406.2411513954876
9863,2013.867085845224
9864,2429.3663744502983
9865,2797.617285120933
9866,2372.669169380514
9867,2074.5478938894357
9868,3101.998608415076
9869,2456.4785761652697
9870,1862.9329449807144
9871,2430.185856377714
9872,2225.0140566088
9873,2519.365825541584
9874,2193.2115536433726
9875,2051.6741189342974
9876,2363.335898701861
9877,1892.7213071753886
9878,2507.674671450776
9879,2091.330736443986
9880,3391.6793988187483
9881,2302.498008078356
9882,1944.1842620647205
9883,3055.825840496008
9884,2490.9995090608463
9885,2921.494076351704
9886,1841.9629638556996
9887,2257.9563746379513
9888,3188.69367084413
9889,2073.392556091306
9890,1941.3087676851305
9891,2334.157679355292
9892,2115.118966347588
9893,2279.454296045571
9894,2399.0586212620183
9895,3242.859516935444
9896,2279.1696567817867
9897,2155.7227763402384
9898,3024.4095238779264
9899,2810.496667033281
9900,1850.259725846724
9901,3531.0036925990535
9902,2091.7819731833156
9903,2226.5934902305717
9904,1816.2725468594772
9905,2841.9965710887336
9906,3287.578564210333
9907,2668.700889416595
9908,2580.2605464695434
9909,2745.9700690192803
9910,3219.1457280451177
9911,2136.898859816565
9912,2447.3085352670723
9913,2200.0189250654466
9914,2359.39073296695
9915,2250.8835363742837
9916,2865.0249191042494
9917,3038.9803758298303
9918,1980.2940407160274
9919,2105.2171701336606
9920,3277.6192052760716
9921,2056.809214908367
9922,2788.244008579204
9923,2534.593630376144
9924,3039.1040575906854
9925,2174.3753211880276
9926,2215.9686293884834
9927,1975.5740946184176
9928,3069.8487244554735
9929,2509.9880112442665
9930,2185.2747443227963
9931,2307.46576865109
9932,1958.64287582213
9933,2275.6963107049696
9934,2104.7287778228565
9935,2385.0907755182634
9936,2298.0200962239182
9937,2681.527704806462
9938,3219.093174940147
9939,3165.217421312055
9940,3216.5863431928256
9941,2398.3832602614702
9942,3354.3393588755184
9943,2810.8157898202658
9944,2164.591300037151
9945,2010.357584211669
9946,2911.473061625882
9947,2256.0318261284465
9948,1982.258733787216
9949,1941.8999271335545
9950,2902.9530921665028
9951,2142.9545426563036
9952,2375.7644604107645
9953,1934.1519576410706
9954,2082.528395225082
9955,3117.156517994292
9956,2825.9077195388472
9957,3364.844234835965
9958,2655.74980638507
9959,2959.63412569123
9960,2231.684908389777
9961,1974.6981025380553
9962,2890.658660573298
9963,2545.500876323038
9964,2472.951641900516
9965,3165.2270158048686
9966,2429.1965274939457
9967,3582.991473591459
9968,2327.703420217612
9969,2055.9199996809302
9970,1864.2520485443367
9971,3128.431554356851
9972,2548.151950619541
9973,1926.8969351713288
9974,2241.040058042455
9975,2605.8663022919
9976,3090.848153233618
9977,2407.5345779271206
9978,2195.369539713889
9979,3002.0063772571293
9980,2739.5180387576097
9981,2178.762488742408
9982,3041.195228437864
9983,3245.447599350353
9984,2468.8819349847913
9985,2001.3245097324261
9986,3106.2432891483318
9987,2249.9828544109805
9988,3145.3576964908016
9989,1897.394308224998
9990,2583.256072887397
9991,1910.9887942763457
9992,2830.0651775308625
9993,4227.028192330985
9994,2328.2821208410915
9995,3371.068915834869
9996,3679.589806536749
9997,3703.8864295369285
9998,2374.532147044653
9999,2100.994928914609
10000,2654.6323267413145
10001,2161.1278822112354
10002,2044.780400707407
10003,3171.9050028278434
10004,2116.945887617223
10005,2263.4033731335744
10006,1966.1018544906035
10007,2053.3318973862424
10008,3030.4376970223293
10009,2791.483187087629
10010,2561.6096256075443
10011,2113.244589165434
10012,2665.0270822037846
10013,1940.2895330522151
10014,2052.2051434389796
10015,3905.583839952836
10016,3105.2955351411892
10017,1949.5711453070037
10018,1703.3743183147787
10019,1811.0733828978605
10020,3343.9923142277526
10021,3132.319512966422
10022,2578.381832616721
10023,2531.061529473946
10024,2076.8902282574313
10025,2245.1868845022136
10026,2093.0574583960915
10027,2376.359817475778
10028,2540.475703088598
10029,2541.888559444271
10030,3365.7668665702577
10031,3993.899151821691
10032,2178.523591825937
10033,1980.4530237065137
10034,2622.8637247186816
10035,3347.659564028074
10036,1872.469577669954
10037,2167.288116757155
10038,2530.480150779268
10039,2887.292572215914
10040,2546.9979160577923
10041,2200.82610244188
10042,2136.835970081035
10043,2068.4446680336405
10044,1834.2964176561331
10045,2298.8873702768033
10046,2264.0702801699026
10047,3351.9450491324674
10048,3225.7866808013214
10049,3168.5870469155648
10050,2241.2529957835645
10051,3481.6618638685504
10052,2261.2483107976327
10053,2294.680163239844
10054,3218.7507947719605
10055,2650.3099821803717
10056,2745.7010231049208
10057,1937.9161864043117
10058,2096.6570537413163
10059,1984.892140059671
10060,2061.9996470276865
10061,2733.9190678020227
10062,3581.3744435803114
10063,2149.5644065609213
10064,2104.622566987562
10065,2784.7999128660367
10066,2290.9228502423157
10067,3380.5793267363433
10068,1879.9234635640423
10069,2366.894628906083
10070,3237.5642264325734
10071,2664.637301129498
10072,2974.306151466433
10073,2332.073356287908
10074,2637.8375828718854
10075,3510.241488379855
10076,2547.96659263495
10077,2152.406118383031
10078,2223.7920600582042
10079,2662.9667519887353
10080,2248.2120344884697
10081,2535.449933873174
10082,2457.316144142285
10083,2461.8351151278503
10084,2483.7475906347213
10085,2739.903381466135
10086,2764.580492885122
10087,2295.550853463769
10088,2535.5427669548485
10089,3033.4934509809486
10090,2949.8404068470463
10091,2466.584683382048
10092,3367.569787654475
10093,3088.852114627476
10094,2718.7999809231314
10095,1764.6322846807357
10096,2646.704798261513
10097,2817.920521930536
10098,1999.486699811991
10099,3516.1253911266294
10100,2608.9641484660715
10101,2637.2271840364965
10102,2595.583230273419
10103,2598.6401255733817
10104,1865.997787544519
10105,1811.4100679626117
10106,2619.6067894400867
10107,2441.8739214505513
10108,2264.382796873647
10109,1900.4798804356692
10110,2934.031930889655
10111,1986.4484107369808
10112,4302.450231711482
10113,2555.937844145212
10114,3891.541519925427
10115,3170.1358779926377
10116,3243.980677581002
10117,2514.1002651743574
10118,2328.2717640757137
10119,2895.7872519180187
10120,2138.328761990205
10121,4345.8859253224655
10122,3199.2519966945556
10123,2710.9135701608284
10124,2021.7878842541281
10125,3957.2892181717134
10126,2081.8367360617704
10127,3007.8290664920996
10128,2191.6691577790143
10129,2174.2060690439694
10130,2991.910439195187
10131,2550.3815229177058
10132,2553.758173925121
10133,2161.4349965428946
10134,2002.721395003498
10135,2605.524090318382
10136,2576.736106191319
10137,2265.03183096865
10138,2116.6241942714496
10139,3134.321291232047
10140,2164.750488361089
10141,3062.4727678997015
10142,3607.2719490740546
10143,2454.323665794587
10144,2176.346340023917
10145,3051.0604344505045
10146,2260.6066206719224
10147,2983.831818029982
10148,2964.3013421975656
10149,2719.7034638926057
10150,2823.047675705321
10151,3037.7013487348736
10152,2052.8412823634535
10153,2433.3967888989446
10154,3858.698732100129
10155,2387.6792914675752
10156,2130.235237981066
10157,2778.206405213201
10158,2187.222682710159
10159,2916.412422538193
10160,2323.776265991525
10161,3576.1051704933616
10162,4148.140525710389
10163,2625.722443497176
10164,2765.1730872866965
10165,2914.4656582104426
10166,3321.608315552951
10167,2829.4581939764225
10168,2726.712557904477
10169,2649.3458842287905
10170,2963.1108011185265
10171,2153.2912988114826
10172,3079.124578374277
10173,2164.953823600396
10174,2440.5314962793445
10175,2183.2343040703245
10176,2857.1085383675886
10177,2225.0246504500474
10178,3204.8403935930473
10179,2304.9530065168105
10180,2235.9599547245684
10181,2422.3059335375847
10182,1952.9728015740006
10183,2888.0702272503863
10184,2579.879060113413
10185,2946.087201782858
10186,3533.0564188170342
10187,2057.6818899103346
10188,2186.5198795286797
10189,2282.2329048296724
10190,2201.6853498296678
10191,2367.3221587060857
10192,3637.839016282734
10193,2583.2806902547545
10194,1855.5557152482302
10195,2156.9553989215956
10196,2207.81856741477
10197,2547.703512615152
10198,2301.1855922836994
10199,3426.3152314578374
10200,3186.310524684541
10201,2740.7697743296612
10202,3170.2697276975896
10203,3439.054013107732
10204,2152.327452099139
10205,3140.6421806148874
10206,2031.8377218573519
10207,2511.2910128267995
10208,1975.8844939384262
10209,4035.417869021763
10210,2996.234195764419
10211,2363.2518238455395
10212,2950.1141058887347
10213,2853.949931600084
10214,3013.9531197879082
10215,2640.6894594411883
10216,2722.4850512531757
10217,3113.711006011907
10218,2203.081766227056
10219,2992.157256977551
10220,3936.601543742113
10221,3284.8532530190305
10222,2879.60545634114
10223,2119.2947025386447
10224,2403.534581225488
10225,2868.014520505971
10226,2401.077461448653
10227,2287.433813735092
10228,2389.2866429446685
10229,3158.306705545369
10230,2248.5998869351715
10231,2775.777099752229
10232,2604.2314984378854
10233,3930.2417717184576
10234,2530.3982091417342
10235,2468.897520252088
10236,3330.1366499774513
10237,2457.1895919829744
10238,2510.1135952018217
10239,1864.4798573244789
10240,2421.7967113310533
10241,2194.3259489742945
10242,2528.063700441228
10243,3129.7997313172464
10244,3120.543828347869
10245,1816.2904306551718
10246,2239.110512234415
10247,2321.116998540847
10248,2714.7673007220164
10249,2161.0912235146016
10250,2265.6783802698455
10251,2071.3616966039676
10252,2080.777546037773
10253,2226.691284696947
10254,3082.7067111308697
10255,2691.215293031144
10256,2562.846219641522
10257,2058.388256651345
10258,3017.2280770956113
10259,2319.370793051825
10260,2283.885124741947
10261,2174.487666037665
10262,3047.6613640550268
10263,1752.0836747116837
10264,2112.86954990342
10265,2473.1490369691005
10266,2212.2930025864266
10267,3562.918776627044
10268,1866.3465095904826
10269,2924.637061066703
10270,2057.859109607427
10271,2770.918737770854
10272,2747.962523468159
10273,4350.132778769252
10274,1703.6889199673337
10275,3049.7020878379767
10276,2020.7929829467948
10277,2975.8840211518686
10278,2729.738331886178
10279,3470.8626547211943
10280,1887.4322103048908
10281,2430.72824699792
10282,2342.7917316370176
10283,3413.6583325968545
10284,3080.3008769191906
10285,2253.863088791984
10286,3607.4693489791557
10287,2782.336105115647
10288,2392.354933518679
10289,2347.1852591015704
10290,2334.541711733702
10291,2848.814035513182
10292,2227.535948086413
10293,2530.792820366067
10294,2323.8422470988976
10295,2537.797230631035
10296,2340.107870368288
10297,2397.861672395451
10298,3838.644775989962
10299,3100.8673955439326
10300,2501.040782281453
10301,3048.4273109127134
10302,2859.8725704134067
10303,3739.622702299921
10304,3239.6771039878013
10305,3029.6189052955824
10306,2399.8886045803265
10307,2345.7937490489035
10308,3224.0677225406007
10309,2819.580651553929
10310,3004.503600378904
10311,2535.0747064227185
10312,2328.2275175827253
10313,3069.2289634013705
10314,3482.094491954213
10315,2286.363503508049
10316,2533.643769684102
10317,2556.5833548135574
10318,3392.0590665431555
10319,2262.350824731998
10320,2238.736375808966
10321,3287.581636796621
10322,1439.9733989613812
10323,3817.2337476769007
10324,2914.034194566305
10325,2210.8688399649072
10326,2072.847621448606
10327,2849.0657092011497
10328,2138.9120505691617
10329,2080.415219379974
10330,2841.9965710887336
10331,1947.4028142257305
10332,1949.3523109107944
10333,2117.0233693662317
10334,2048.8029626020316
10335,3023.77638765575
10336,2111.9868592892317
10337,1865.9116504397318
10338,2771.519082230305
10339,2567.452936857027
10340,2228.377449083333
10341,3408.4954213256383
10342,2300.81348177318
10343,2364.2514779288613
10344,2229.5851486097813
10345,3794.445873448466
10346,1871.1944847071843
10347,3101.358691526906
10348,2294.459925022128
10349,2225.8132990898816
10350,3209.3782928413375
10351,2418.7774114436725
10352,2936.3439375208404
10353,2613.0531961910247
10354,2044.998777193227
10355,2664.826886811805
10356,2797.542488602909
10357,2659.843841562416
10358,3411.5605194453065
10359,3440.3434696905947
10360,2055.0094613638303
10361,2157.4809832764577
10362,4209.183677345049
10363,2669.289085333101
10364,2536.501358451212
10365,2538.881823615384
10366,2471.3975237684235
10367,1897.2529045127503
10368,1826.5767329794865
10369,2236.789850930443
10370,2491.4222277228964
10371,2999.715824628164
10372,2512.996098634104
10373,2714.3136088248643
10374,2810.5782214156234
10375,2147.009806531283
10376,2403.879853614378
10377,2124.9420272877637
10378,3531.1948537462213
10379,2517.6137187919126
10380,3167.2715085333552
10381,2633.1307007037612
10382,2186.0999727562175
10383,2427.872927366906
10384,1848.2838547682527
10385,3192.8963124331653
10386,2800.2686923781025
10387,1992.8023174906693
10388,2502.139425449107
10389,2467.1226053126925
10390,2227.411438042974
10391,2869.9303535506097
10392,3401.9003297770496
10393,3047.0379102688867
10394,2302.138806534878
10395,3183.453534661584
10396,2668.8209368258013
10397,1908.4755737378207
10398,2395.412805529092
10399,2918.820311593243
10400,2204.1081392820697
10401,3362.4413278738693
10402,2155.7729982909345
10403,2582.460722726881
10404,2198.592621261507
10405,1966.7061101786926
10406,3803.10166957644
10407,3922.579854590477
10408,2248.002631861691
10409,2946.7511825293386
10410,2725.2543394305585
10411,2813.810804168
10412,2016.144385644075
10413,2462.752965193935
10414,3135.5043562450564
10415,2597.7610444970437
10416,2167.528431035796
10417,2686.9343565168692
10418,2390.9459632943535
10419,2166.4913686542404
10420,1891.2451714994377
10421,3595.363607227799
10422,2580.199419151196
10423,2677.3271259923
10424,1930.5327334061985
10425,2534.5943253206824
10426,1864.6178037670816
10427,2262.077081833406
10428,2291.1667665375658
10429,2078.3063383626186
10430,3795.842884475676
10431,3094.388018138082
10432,2081.4357047549393
10433,3155.313824839369
10434,2668.0658167312677
10435,2544.5419388100845
10436,2068.2235845768387
10437,2154.537949398256
10438,2893.7677353379077
10439,2668.4582966662
10440,2198.272682110634
10441,2501.128319353301
10442,2376.751623565172
10443,2250.331958910218
10444,3210.7366446152737
10445,2533.002919049083
10446,2425.754703552767
10447,2280.435065933423
10448,2442.4106187511793
10449,2149.084676633127
10450,2706.3892677409076
10451,2368.095309283124
10452,2581.1356734715937
10453,2855.381557536191
10454,2585.5359416898946
10455,2867.770160208209
10456,2939.668389332119
10457,2984.223863890179
10458,3220.2103874471586
10459,2873.0412335163273
10460,2094.1502630727045
10461,1946.0735818554454
10462,3355.079727340878
10463,2979.365959842669
10464,2166.462196146368
10465,2960.5610355894923
10466,1887.0815926973958
10467,2108.141094179042
10468,1701.4539593162003
10469,2108.2708796108536
10470,2449.725979015578
10471,2343.3997532164576
10472,2093.6459819468064
10473,1884.699776167121
10474,2448.824972995516
10475,1864.1936590939295
10476,3274.5051834344895
10477,2360.6307759844544
10478,1983.4884104605485
10479,1987.5084772057237
10480,2899.613953170944
10481,2190.0681415150984
10482,3592.14115090241
10483,3602.0022800210554
10484,3198.2901685397674
10485,2637.6009818329494
10486,3044.0816827234057
10487,2315.2065564870704
10488,1893.3681340040134
10489,2090.2375368365315
10490,3243.152404192597
10491,3071.13415242906
10492,1925.0551196366657
10493,3068.2794970257537
10494,2095.6386559988464
10495,3640.534256865142
10496,2466.8545451268214
10497,3222.0825957140605
10498,2270.632353549953
10499,3094.0795910006227
10500,2589.89155609496
10501,4035.2428718487427
10502,3208.803094305839
10503,2201.5526308173094
10504,3968.4016312695185
10505,3042.8147326635544
10506,2941.3675943322214
10507,2577.7777662338303
10508,2824.5061912432966
10509,2265.9087953208873
10510,1687.0000190895428
10511,2558.311918868344
10512,2308.848986917703
10513,1952.8652873302894
10514,2883.502754290593
10515,2950.502623535499
10516,3662.775206918384
10517,2470.355102204116
10518,2098.8093907928614
10519,3471.1870592077457
10520,2304.8792500761924
10521,2386.3913393709486
10522,3424.0555754774905
10523,2492.584964535256
10524,2926.839740554283
10525,2936.1356900614596
10526,2338.1284652185996
10527,2409.686474205903
10528,2481.9219769599467
10529,2894.8065873896157
10530,2374.756324732394
10531,2440.148946415341
10532,2823.1618808112185
10533,2392.8588938214907
10534,2156.3100645078507
10535,2769.808913838391
10536,1927.886416519027
10537,2012.6360830510935
10538,3406.604825412429
10539,2389.290067954662
10540,2354.1097816705064
10541,2048.4106260430826
10542,2584.2851148077207
10543,2969.9973079585116
10544,1886.034874929498
10545,2422.760398645133
10546,2430.665126794192
10547,2099.4463495340797
10548,2168.249542345768
10549,1852.4964335017467
10550,1938.7789554166843
10551,4624.337886568692
10552,2538.0446646074643
10553,2864.4575404866873
10554,2380.8449436811516
10555,1907.4015863945247
10556,2556.85695295798
10557,2134.113938576408
10558,3072.038277128266
10559,2712.674135417618
10560,3128.803314045975
10561,3111.0438575575918
10562,1797.4308348897894
10563,2084.982514368413
10564,1852.3707727014887
10565,3716.3010604310334
10566,1951.8965936961133
10567,2376.5921989777526
10568,2324.277122772186
10569,2828.959827653409
10570,2876.4822217974224
10571,2072.7918887527644
10572,2533.492574049378
10573,2886.1634257784553
10574,2702.17693593979
10575,3505.280296807181
10576,2243.3486874842934
10577,3196.399658208379
10578,3008.291786572339
10579,3295.6733336306315
10580,1983.5892608674537
10581,1264.6140985007587
10582,2411.035780913967
10583,2298.0440943526023
10584,2986.15296835172
10585,2425.858583129466
10586,3355.9981537981557
10587,3801.8272898300743
10588,2554.416665961587
10589,2050.4123570364577
10590,2601.605778915111
10591,3341.2090207771917
10592,3415.0381604493814
10593,2123.8457503261266
10594,2473.5367768942756
10595,1994.9287326374504
10596,2751.1229221943086
10597,2288.9864526152096
10598,2190.508384451703
10599,4418.693791922607
10600,2136.357007159499
10601,2145.9083009960113
10602,3295.284690492739
10603,3225.083615726227
10604,2106.1650227056366
10605,2510.2609792205103
10606,2446.000260802795
10607,3048.334372330467
10608,2291.331756647548
10609,2550.7324623465984
10610,3241.2959581293435
10611,2176.9657846129194
10612,1968.501341502428
10613,2272.836243485663
10614,3518.9896270296313
10615,2581.5880228219085
10616,2300.707241818638
10617,2608.7999739900442
10618,2817.9885025208937
10619,3381.4520922929946
10620,2284.7005973274236
10621,2362.1948190018593
10622,3016.499682147315
10623,2217.526874717062
10624,3198.2601538862823
10625,3120.9520201570886
10626,2900.223333098432
10627,2333.1591165755817
10628,2112.0386728187964
10629,3252.0437372892047
10630,2131.2193135320576
10631,2634.792523270234
10632,2010.6140246157543
10633,2722.5302323295555
10634,2537.7788531640153
10635,1316.238122476796
10636,3005.616620644138
10637,3324.0522519533674
10638,2275.6007817330337
10639,2343.742620189366
10640,3228.376874582993
10641,2601.0766722619774
10642,2207.395576532288
10643,2146.6969366470603
10644,2569.2602007429973
10645,3436.0433892993215
10646,2435.028244029783
10647,3475.993629640629
10648,3312.107533470235
10649,2502.9274093943995
10650,2703.7855133490375
10651,2511.8144376988726
10652,2775.4524304226247
10653,2237.404689513305
10654,1928.0004922383691
10655,3149.5896341586176
10656,2258.244108603976
10657,2102.7777040323135
10658,2179.0973715091773
10659,2399.7496517365103
10660,2059.170168338815
10661,3490.1928350954536
10662,2053.459092516595
10663,2256.9418251653406
10664,3002.3967286493503
10665,2652.032823745665
10666,2463.390031809957
10667,2339.4439151256843
10668,2058.492122669862
10669,2042.6999339852032
10670,3880.5835109126047
10671,2025.716430097073
10672,2206.068904158179
10673,2185.1228159516577
10674,3298.0270063543576
10675,2821.971449199532
10676,2006.2898015358387
10677,3195.2000163462203
10678,1824.6859168383635
10679,2502.191875792527
10680,2338.3223795950444
10681,1838.1086225509864
10682,2922.3877007163874
10683,2275.6431634004334
10684,1972.7245399607268
10685,2422.6122193561464
10686,2096.12964735642
10687,2286.8562320106203
10688,1947.439142735107
10689,2868.3717509941525
10690,2217.760270731019
10691,2782.8661016568776
10692,2262.9801958365065
10693,1994.6956948068446
10694,2268.2183616725797
10695,2321.635386456023
10696,3145.7156310885284
10697,2291.1140602798678
10698,2733.2368049052775
10699,2640.119571768442
10700,2231.524569690151
10701,2108.2176732691983
10702,2862.0130646818498
10703,2300.4071672057116
10704,2401.4148281996454
10705,2983.020268321384
10706,3321.3775833557693
10707,2663.539306870126
10708,2236.8481940585634
10709,2593.7069727321305
10710,2638.3389338836587
10711,2252.6194905405737
10712,2598.5432522327956
10713,2032.969842073799
10714,1884.6683146334453
10715,2273.263332832851
10716,2683.43025770773
10717,2905.659074988339
10718,3100.4267979089236
10719,2475.3830577817107
10720,2905.5542261254545
10721,3433.911584670961
10722,3790.2908761219196
10723,2335.9001566428906
10724,2661.091825104075
10725,2061.5917243240738
10726,2345.270072134565
10727,4830.579731884047
10728,2645.0141749944873
10729,2963.636907167308
10730,2408.978744148594
10731,2077.7053854405335
10732,2481.758570257108
10733,2547.617612007209
10734,3407.2681365189933
10735,2838.5834690001448
10736,2269.004410176637
10737,2222.099648505954
10738,3182.4669870192665
10739,2343.74822097589
10740,3244.948278688936
10741,2826.57650178906
10742,3070.2861760674596
10743,2952.628552888303
10744,3337.4487028891954
10745,2634.96128344516
10746,2083.9909990386286
10747,3042.424425404677
10748,3048.00346316202
10749,2560.2710406353963
10750,2571.5987968115855
10751,2158.644291443402
10752,2963.461818323101
10753,2143.9242943475474
10754,3019.3171562903517
10755,3388.6964428341626
10756,2521.1649862585073
10757,3214.9973756346526
10758,1757.138591070851
10759,2492.624357868461
10760,2250.0137071235713
10761,3063.7601908081324
10762,2529.3273062195067
10763,2738.827743059793
10764,2898.337013881539
10765,2279.1376256883273
10766,2098.2013577821444
10767,2894.407362649611
10768,2607.380148079643
10769,2636.3659535916763
10770,2829.1696955725333
10771,1954.8375935649524
10772,2167.3147405479694
10773,2136.2781553678155
10774,2262.235561044441
10775,2481.3106872184003
10776,2966.3379241012926
10777,2219.9050736951212
10778,2299.4443369299274
10779,3863.2827852869937
10780,2587.8628256916672
10781,2103.4123766056737
10782,2959.064862893444
10783,2637.3030819538976
10784,2472.26440791411
10785,2188.0415771480184
10786,3567.408262780666
10787,2115.5451178366047
10788,2973.9578563579616
10789,3408.5702539328827
10790,2088.034514685043
10791,1936.6268709015712
10792,2047.0808414490516
10793,2942.494968983262
10794,2248.046098194978
10795,2635.5134277191446
10796,2244.574838879046
10797,2283.9831559364798
10798,3151.123890314213
10799,2133.6991258870707
10800,2064.404420723059
10801,2268.087846828529
10802,2077.639049961674
10803,2842.677058565812
10804,2332.850682536711
10805,1990.9716212652284
10806,3031.08333510164
10807,2686.566576922068
10808,2820.718281719383
10809,2084.92736568023
10810,2723.002772652384
10811,3078.1964443772604
10812,2603.535824683676
10813,3291.5674183796673
10814,2541.6445222284347
10815,3375.669502971815
10816,2584.8447018289316
10817,3841.1732746935313
10818,3114.9670718679745
10819,2325.362655998121
10820,3164.616277334704
10821,2249.552325313168
10822,2285.6757018075623
10823,3287.8649975287844
10824,3259.5710146933484
10825,2518.9285574053915
10826,3467.7125643120853
10827,2567.013737373236
10828,3156.2427891492093
10829,3058.636365301357
10830,3267.48672306543
10831,2465.62237982452
10832,2256.6156485616175
10833,2575.445882193131
10834,2342.8168118976423
10835,2060.4928712088567
10836,2189.5204035133174
10837,3162.8725469903934
10838,2774.2942090626857
10839,2284.8108054854433
10840,2495.95560758262
10841,2332.030821066188
10842,3264.107674658705
10843,3353.069891149997
10844,2183.644841605168
10845,2938.174697493272
10846,2476.410315616301
10847,2573.217202079286
10848,2282.7504743898885
10849,3143.2918412972676
10850,2422.890455626224
10851,2300.1011922918674
10852,2754.2438687174404
10853,2436.7493795854502
10854,2280.7050861195967
10855,3119.430686980964
10856,2748.420383681944
10857,3355.5483842341782
10858,1981.2323238608737
10859,2251.1739823267353
10860,1919.6990944563129
10861,3045.6138335127016
10862,1958.718826386962
10863,1878.4279243720962
10864,2822.915999241315
10865,2144.502364671275
10866,3697.4529312877985
10867,2888.111175128888
10868,2811.12495126661
10869,2726.9746740949954
10870,1844.508602618062
10871,2084.6790217738453
10872,2291.2217046357596
10873,2773.9050594134733
10874,2608.6856429226846
10875,3073.3062964970372
10876,2737.925601186156
10877,2455.9636158909043
10878,3281.2191058678272
10879,1761.0391743361606
10880,3133.7976967974146
10881,3270.6182571438676
10882,3310.448440159563
10883,2672.850648841566
10884,3010.1150462498654
10885,2907.843865549444
10886,2227.3050561567934
10887,2831.4052882158376
10888,3075.298858243479
10889,2971.5558537905727
10890,2572.3229303751136
10891,2054.140080037236
10892,2576.9511652944266
10893,2334.746565975979
10894,4131.5680133925325
10895,2212.5178167800127
10896,2653.463773095173
10897,2691.5778356676865
10898,2404.8193091141056
10899,1734.422459148262
10900,2195.624373322188
10901,2713.648142614711
10902,2315.631389774408
10903,3081.085340418065
10904,2854.7724248837976
10905,3666.444489283809
10906,2410.3741564198117
10907,2035.246608110444
10908,2928.402647599617
10909,3515.1099008810934
10910,2205.4655739105174
10911,3285.3914427017467
10912,2248.147817255784
10913,2851.2006534747015
10914,1911.0694374501288
10915,1464.2386353153502
10916,2021.3987002074775
10917,1860.1928488491876
10918,3012.4991622402904
10919,2475.5367422508525
10920,3526.956576413738
10921,2304.900830093322
10922,3255.6719699895093
10923,3060.7198492498446
10924,2939.119583345034
10925,2074.909850373074
10926,1742.417817572354
10927,2743.304550395399
10928,2821.7632941272527
10929,3365.069117333122
10930,2847.13407531497
10931,2259.8424217989514
10932,2109.423835308238
10933,3707.183693453435
10934,2678.2950000107303
10935,2011.1798836383464
10936,2169.6800697634394
10937,2131.7066055609475
10938,3557.061640197513
10939,3228.630781383513
10940,2516.546773484033
10941,2490.649404243808
10942,2124.163033397831
10943,3451.4014277774168
10944,3144.224941586649
10945,2607.145953567411
10946,2107.348263797547
10947,3493.4423801490084
10948,2673.3317988078434
10949,3182.957516036806
10950,2088.6804100944823
10951,2967.0678660307526
10952,2604.0747695123264
10953,3336.0972325875123
10954,2405.1405715964593
10955,3161.0088602167198
10956,2857.0672259574785
10957,3243.835035827906
10958,1977.494657085787
10959,2247.826676710491
10960,2077.3202407807685
10961,2813.528316392906
10962,2769.511134567151
10963,2459.52608330969
10964,3442.5585826908055
10965,3110.0609614488685
10966,2382.8943406984504
10967,2569.64474062968
10968,2783.744356378814
10969,3512.138942648203
10970,2518.905816623364
10971,2721.936698694597
10972,3907.480611818776
10973,2416.340664364545
10974,2516.5803198382177
10975,2057.517038124158
10976,2989.3108793466126
10977,2521.3357123697833
10978,2766.2895246691332
10979,2653.6823483048875
10980,2249.405224220271
10981,2203.0266056719174
10982,2039.0415582486155
10983,2159.2216095205704
10984,2503.9883328496235
10985,2409.060066380919
10986,2533.002919049083
10987,2605.840823659086
10988,2377.043955346444
10989,1869.8262117313102
10990,4249.441238676788
10991,3515.8308935227587
10992,2940.4467921662867
10993,2554.323146314383
10994,2082.3115440125566
10995,3173.6201553373285
10996,2250.8532146959296
10997,2787.596845475725
10998,2641.586478381825
10999,2454.5660334541662
11000,2388.3360682802127
11001,2809.0984548816264
11002,2423.5347324570926
11003,2934.5413902587206
11004,1943.3907307178386
11005,3406.1389263111487
11006,2693.6238096611255
11007,4646.360224819563
11008,2347.526801627808
11009,2118.85216874054
11010,2871.0298525970825
11011,1896.2391668669015
11012,2459.649300753234
11013,2670.037262007213
11014,2261.3774799627777
11015,2717.8254819732674
11016,2558.757236370746
11017,3490.983618733748
11018,1987.3279223261127
11019,2725.5761470969264
11020,2208.3159915172105
11021,2656.824563120205
11022,2131.395371292828
11023,2852.587035551597
11024,3021.374384542853
11025,2243.541804263077
11026,2187.4051207116263
11027,2295.672286540105
11028,4007.3501688808783
11029,3276.771989439366
11030,2546.924701863515
11031,2300.5644894120196
11032,2164.6464367364415
11033,1929.2730858166474
11034,3231.2142102262324
11035,3066.3146312185863
11036,3101.936991082668
11037,2092.3874353305473
11038,2177.3260573345788
11039,2237.3151169568823
11040,2193.032298944619
11041,3444.1878445669117
11042,2571.8393786625365
11043,2651.928835116253
11044,2678.9679629250627
11045,3800.098615550763
11046,1943.090252101732
11047,3244.9309806598994
11048,2445.7912053327327
11049,2018.3266207521963
11050,1851.4561398594178
11051,2424.8680926442084
11052,1999.8780490352615
11053,2485.4608733299533
11054,1922.2224142575742
11055,2073.578694060191
11056,2972.766419391623
11057,3264.476299472348
11058,2789.9406612115695
11059,2767.9770854859553
11060,2956.1709074553014
11061,2706.2492833597917
11062,2230.5181325828116
11063,3624.201309357321
11064,2477.4557960669417
11065,1964.4197838120276
11066,1938.5181831410641
11067,2049.108537599098
11068,2239.4455047288993
11069,2395.603435350763
11070,2144.6256801157624
11071,2562.6019175310994
11072,2947.2089186697153
11073,3297.8961411973855
11074,2846.593394196147
11075,2592.8864204001084
11076,2566.1058436204894
11077,1709.3052841117444
11078,2436.8277609442894
11079,2356.338457839413
11080,2266.0140719811143
11081,1992.9394651655398
11082,3150.416998677584
11083,2088.4314228244657
11084,2189.2251400735017
11085,1843.6405586424435
11086,2493.3418152071554
11087,3260.4629101086775
11088,2432.0150113372115
11089,3355.1658523007472
11090,3322.5591803081775
11091,3116.730681181621
11092,2375.9538664050588
11093,2204.488888615927
11094,2068.2880119405154
11095,4269.882265256455
11096,2737.0091040910384
11097,1878.7451864191423
11098,2420.1610341153396
11099,2139.2210459071016
11100,2537.194467404459
11101,2695.8331723530796
11102,2256.27558058928
11103,3067.2550691920756
11104,1960.3217202812414
11105,2281.6064938193076
11106,2483.1936420299658
11107,1976.4925725281196
11108,2438.137837179601
11109,2338.433875864058
11110,2786.421283835553
11111,2104.379845218467
11112,3424.4791302939184
11113,2474.851833220073
11114,2112.267621538141
11115,2577.516767278579
11116,2372.9707032914985
11117,2164.2959104493216
11118,3284.7476262337696
11119,2567.1221325476035
11120,2728.143729691163
11121,2436.3325922272816
11122,2011.07784666824
11123,2418.428863849513
11124,2155.196557392096
11125,3181.669195155583
11126,1908.1025386850588
11127,2026.259598524383
11128,3353.860665135568
11129,2055.4713235594454
11130,2633.1852770820915
11131,2577.429736561885
11132,2514.853973767073
11133,1880.7758516636848
11134,2499.3788650379543
11135,1934.8619445823522
11136,3631.502772454077
11137,2084.4679104029774
11138,2526.8942716537413
11139,2263.74035299024
11140,2615.975010170616
11141,1996.4571335801056
11142,2304.154546175031
11143,2149.491604433875
11144,2758.753803595278
11145,2373.935995706274
11146,3455.6727342544846
11147,2178.491531514645
11148,2528.612758760447
11149,2325.491098292677
11150,2717.348812896402
11151,2145.6808906365973
11152,3206.7774728994555
11153,2300.5381618005176
11154,2118.1518975406634
11155,2048.6935866141303
11156,2416.38772364095
11157,3365.8835810005894
11158,1902.8444935319612
11159,2423.5596992772307
11160,2201.787318993755
11161,2257.054240780656
11162,2232.9268368830017
11163,2533.7943690423554
11164,2880.23668090724
11165,1382.4999758289355
11166,2095.5858226114924
11167,2022.6897434771236
11168,2469.294020686007
11169,2678.240185280967
11170,3375.497270741088
11171,2991.1714720112664
11172,3383.713992914234
11173,2827.7207351586167
11174,2651.2875701676658
11175,2815.1656240319553
11176,3391.31896894121
11177,3239.9891458474503
11178,1979.1981601414855
11179,2589.653089530596
11180,3971.1255860399374
11181,1942.6992626007386
11182,2254.812177663938
11183,2806.3166003115593
11184,2587.2266597209455
11185,2136.6721735231235
11186,2957.7088200870853
11187,2576.0469647722994
11188,3071.8409164244713
11189,2581.114569402588
11190,3123.441989006609
11191,2125.4317078840177
11192,2847.4534881485542
11193,3463.9135125405246
11194,2607.2265791802806
11195,3551.407765752346
11196,3193.7742140199525
11197,2967.614319794359
11198,2292.791553686907
11199,2205.1946096680535
11200,2046.7036089646926
11201,2286.257150684448
11202,1986.4625523777577
11203,3158.035056764409
11204,2752.8126346302424
11205,2450.0332978630063
11206,2375.7276059234773
11207,2194.4517416260705
11208,2257.3245659951453
11209,1930.9822798162384
11210,2241.2734008985544
11211,2699.397902614244
11212,1975.905959166956
11213,2679.9260856620704
11214,2756.5034663069864
11215,3085.772802192738
11216,1661.6795276855335
11217,2458.88748647145
11218,3426.689594518016
11219,2098.4713201715153
11220,2406.513937832531
11221,2558.318121604695
11222,2473.184783297
11223,2271.0289402767726
11224,2038.0484562483855
11225,2135.019964902672
11226,2130.14492450156
11227,3322.472071410213
11228,2995.184766567456
11229,1981.0557121403122
11230,3045.6315801217283
11231,2216.4131493493287
11232,2774.5877889335534
11233,2687.5482827790474
11234,2750.7852484309624
11235,2120.9664929760092
11236,3713.1412727707507
11237,2049.0189451251968
11238,1981.4480925803878
11239,2272.0901751703946
11240,1986.921050855782
11241,3602.1275743781753
11242,2386.1734206818114
11243,2455.8743294814385
11244,2283.371113888599
11245,3698.8087049347214
11246,2611.8387843809087
11247,1890.126894163001
11248,2772.0140355136236
11249,3206.9033145046983
11250,3826.731968277254
11251,2484.1504698850067
11252,2044.7388703407746
11253,2252.735492608541
11254,2599.343738017522
11255,2646.713721478645
11256,2380.851493761359
11257,2167.549890836507
11258,1986.331273892181
11259,2280.7123041695104
11260,2160.613976175795
11261,2530.702444928057
11262,3938.709242820586
11263,2673.8523300250918
11264,2385.337303008165
11265,2147.542875526263
11266,2162.593094646624
11267,1849.8403233251142
11268,2061.7284173200514
11269,3401.1956842385457
11270,3911.1681425910742
11271,2146.643300484853
11272,3734.253714977398
11273,2078.0986647995414
11274,2189.786848546208
11275,3039.474291903096
11276,2200.013019566347
11277,1856.15415858436
11278,2764.8533481438562
11279,2665.2544647699815
11280,1990.9716212652284
11281,2529.9356494573794
11282,3128.940551992634
11283,2940.1183898686695
11284,2507.0090984266462
11285,3711.7535222031365
11286,2807.900979651185
11287,1905.7254439125472
11288,2056.3008103957677
11289,2324.168862195719
11290,2675.501895125568
11291,2438.897254474119
11292,2856.286910735826
11293,1944.8810919060265
11294,3771.734851153199
11295,2473.2760313993476
11296,3057.8256456507825
11297,2035.8477318075381
11298,2523.220545766667
11299,1762.0941681199865
11300,2371.442666136212
11301,2392.8662168558344
11302,1984.343639432148
11303,2721.8972706403374
11304,2432.848167194395
11305,2456.0108138932173
11306,2141.6844229820927
11307,2469.7588065035943
11308,2115.1139866934072
11309,3325.7610171311844
11310,3532.910594193567
11311,2436.0054260579354
11312,2009.135372100872
11313,2768.705667596152
11314,3332.88450990153
11315,2598.792356804489
11316,2152.331217750855
11317,2643.5012619874865
11318,3152.2480689927042
11319,2198.5191949516097
11320,1919.7208700944511
11321,2317.736113748908
11322,2507.0099714311737
11323,2604.827839067667
11324,2599.3252060755335
11325,2202.6170179926185
11326,2101.5408191737515
11327,2078.318069021073
11328,2756.135130193521
11329,3236.550471808496
11330,2850.3443839278953
11331,2201.749139409633
11332,2274.3566796596238
11333,2013.0491346592457
11334,3314.825491907781
11335,3006.6427843099545
11336,2565.876467254008
11337,2668.2661836185007
11338,2403.522579693853
11339,2981.8450178971298
11340,2240.1775303178083
11341,1994.2730319321809
11342,2605.8663022919
11343,2363.2518238455395
11344,2466.190129724351
11345,1979.2997719694768
11346,2360.858628329871
11347,2435.1650283849585
11348,2159.5403231556443
11349,1865.2519738190986
11350,2432.9970189856026
11351,3170.7412115302504
11352,2495.9736092153244
11353,2981.9695136701293
11354,1868.976130108896
11355,2193.363155177927
11356,2680.2993642488777
11357,2629.5175223830033
11358,2150.381040536759
11359,3057.6136906523734
11360,2768.826424422055
11361,2172.237997886828
11362,2337.414180515805
11363,3350.9161866715244
11364,3326.49816833791
11365,2326.1192242585225
11366,1956.513850090254
11367,3039.132321892397
11368,2973.3573289085252
11369,2382.8166335430446
11370,2427.5837597731843
11371,2698.2995214094612
11372,3397.4385980624675
11373,2806.161100985467
11374,1834.655301693505
11375,2248.011796508461
11376,4033.2544662243854
11377,2644.2124157790386
11378,2205.1187362420833
11379,2666.175093319198
11380,1892.0197668773067
11381,1878.3505870465406
11382,2549.1999503288393
11383,1489.0620598483556
11384,2067.1836111918315
11385,3029.6170514055193
11386,2417.6666483066265
11387,3185.447929548939
11388,2369.9251934004833
11389,2181.094448939146
11390,4275.806481507561
11391,2725.786754246493
11392,1337.0996735446242
11393,2344.6188269052946
11394,2753.2057155732095
11395,1882.3598601603762
11396,3034.593846611828
11397,2622.381846917615
11398,2197.66705981543
11399,2032.6344140111087
11400,2999.647258155471
11401,3474.914912238245
11402,1704.177447686105
11403,3297.6410834202034
11404,2550.531692894794
11405,2054.5057200048404
11406,2000.2485885838385
11407,3044.5919912406653
11408,3600.668577616424
11409,2196.826918110197
11410,1751.5847685313936
11411,2295.4764081242834
11412,3694.6838306542995
11413,2386.2588600166882
11414,3064.4259979938465
11415,2385.465858430672
11416,1966.9025878144255
11417,2359.8783204054816
11418,2660.17898189583
11419,2813.109384870033
11420,2737.1924282398177
11421,2581.691943389565
11422,2211.2625230084946
11423,2438.2767211009636
11424,2914.698416537706
11425,3303.805025953567
11426,2418.4540161256455
11427,1977.8373528588093
11428,3015.791541756635
11429,1833.2239364248626
11430,3119.1655674336394
11431,2367.9314769030016
11432,2227.4200125929306
11433,2314.788569758547
11434,2093.5346690485803
11435,2867.0629627815006
11436,2058.3937247479716
11437,1844.349032832397
11438,2679.8625442651364
11439,2676.652861088703
11440,1897.744882400213
11441,2078.9230574792327
11442,2099.3024361861894
11443,2257.901186937845
11444,2077.9653590588996
11445,2226.650828591585
11446,3028.0457134863505
11447,2692.0999963709087
11448,2330.64189622319
11449,3209.7210996363237
11450,2405.773709033436
11451,2953.434201209875
11452,3191.344773254547
11453,2161.938001941354
11454,2990.8916964752334
11455,2425.824977269916
11456,1794.108551655186
11457,2398.040529670954
11458,2316.1247493581345
11459,3729.925096055348
11460,3700.184462977014
11461,2224.423504264213
11462,2221.040041452733
11463,2441.5398826520072
11464,2639.847124127803
11465,2922.1586281880336
11466,3016.2315129409512
11467,1942.7909647935758
11468,1812.6728640180654
11469,2829.191254479515
11470,2797.5825601595807
11471,2570.619812361092
11472,2535.6627572403104
11473,2338.794064322974
11474,2444.6290052179675
11475,2059.8688805537477
11476,2087.6899209172298
11477,3298.2848724255973
11478,1627.4116477183834
11479,2315.6465545889396
11480,2635.795534075737
11481,2936.41768289827
11482,2456.895561091733
11483,2975.129910931312
11484,2522.6130143446762
11485,2176.6877608757795
11486,2183.6886194314407
11487,2299.5076932685206
11488,2179.0374260953336
11489,2257.3089869784117
11490,2914.2360169511207
11491,2878.5722514242043
11492,3300.800967797154
11493,2880.0844915781668
11494,2644.5241231707996
11495,2865.1001069803688
11496,2240.402785453207
11497,2200.062360107084
11498,2222.900432204822
11499,2282.1200188184375
11500,2624.4606073211917
11501,2145.9125270991103
11502,2730.0165746584653
11503,3534.0359785398514
11504,2431.807948988352
11505,2475.6585578967843
11506,2398.7991323945444
11507,2606.8644302084376
11508,2990.0368419600086
11509,2286.3180583894564
11510,2314.838647616621
11511,1970.5604844052923
11512,1973.2712123217473
11513,2205.0336261564744
11514,3185.9813331398445
11515,2559.832713843749
11516,1991.7168021619038
11517,2300.8041103659743
11518,2483.173088932552
11519,2223.923034277744
11520,2333.235822013422
11521,3693.088819536997
11522,2070.2843322352855
11523,2871.0213939066834
11524,3515.0779846765768
11525,1758.42935166092
11526,2954.8168324466533
11527,3782.4347303672043
11528,3339.7321934886995
11529,2068.8963649282205
11530,2179.623523223745
11531,2762.7968395239586
11532,1802.2846370463328
11533,2914.9551483303135
11534,2289.1378964401533
11535,2284.124684668626
11536,2575.3408839169742
11537,2829.4148351863705
11538,2365.6411263661457
11539,1930.5312216788354
11540,2319.8128396147786
11541,2172.8483293755507
11542,3014.220242684082
11543,2710.445346501783
11544,2409.813536015825
11545,2003.4603701079045
11546,2178.509275571504
11547,3057.495938604776
11548,3310.019191903195
11549,2573.472632668716
11550,1960.1841573703232
11551,1931.9739662563072
11552,2978.942683602002
11553,1950.6058827734196
11554,2105.529825788709
11555,3104.6462405041893
11556,2779.821682793443
11557,2587.13706211693
11558,2135.6944078952506
11559,2730.7055066091348
11560,2217.5012664314445
11561,2191.984046205647
11562,2133.7616681201234
11563,2577.6956976970714
11564,2638.25058666977
11565,2158.6011802542203
11566,2747.413504748115
11567,2388.154532292623
11568,2621.936360671877
11569,2312.2448779119054
11570,2368.475105732972
11571,2431.7288496739343
11572,2317.0562938356184
11573,1979.643860978752
11574,2051.521304828928
11575,2362.951661233336
11576,3679.6183881006145
11577,2081.662014304151
11578,2932.6926495976677
11579,2037.1378052480952
11580,1768.3180069551088
11581,2756.6128102829907
11582,1888.550222565454
11583,2763.793282628926
11584,3147.3374171853766
11585,2314.947125175317
11586,2949.3531795578656
11587,2500.4867913458515
11588,2353.0437965662313
11589,3492.6954711052836
11590,2010.5508673412264
11591,2758.803601422871
11592,3920.3965602108046
11593,2484.2204878845473
11594,2874.517130166534
11595,2599.0646253210707
11596,2456.7820980711895
11597,3227.200834187206
11598,3308.1454420162418
11599,2584.1412824347117
11600,2300.6615414966964
11601,2665.7302369277795
11602,2508.971898617068
11603,2804.9477195473555
11604,2564.747988284864
11605,1798.7861381988546
11606,2262.869124479485
11607,3765.513465562196
11608,2595.7320960709726
11609,2344.2880396149476
11610,3298.11860252076
11611,2644.3131087247457
11612,3470.2122317797957
11613,2925.734712368371
11614,2345.61931123594
11615,2086.15718967503
11616,2093.431856838698
11617,3135.0551663216465
11618,2181.261568941436
11619,2640.006073124233
11620,2858.13718330345
11621,3304.475812835278
11622,3838.358443621277
11623,2306.336107834313
11624,2485.709253796368
11625,2180.1144814588174
11626,2220.489541238392
11627,2080.8096633215237
11628,2645.8220194141436
11629,3303.8100269120514
11630,2466.0726255299764
11631,3259.81341894785
11632,2001.5273528614498
11633,2195.1469342528103
11634,2382.634385326304
11635,2096.746690877006
11636,2947.461126696435
11637,2582.2956654357113
11638,2657.7947756282438
11639,1870.6718134312723
11640,2248.7263532808747
11641,2500.711786856795
11642,2256.7683481175122
11643,2367.3660224111863
11644,2866.0371171229176
11645,1845.043967407059
11646,2127.8114212707574
11647,2860.268661752887
11648,2045.517841230765
11649,2132.8475467361
11650,3611.7761286041755
11651,2748.976111964089
11652,3228.9676786302757
11653,2603.461669115351
11654,3367.3494889483027
11655,3471.8910854253077
11656,2587.676812214502
11657,2318.991398342033
11658,2619.5982010103517
11659,3764.091976412243
11660,3121.1336933058647
11661,2586.2475269763495
11662,2508.0087439649774
11663,2292.74986208834
11664,1909.0927546462513
11665,2048.2751621639054
11666,3371.1862042908638
11667,1856.3744742343938
11668,2944.929138482836
11669,2132.071510904113
11670,2492.4739936923816
11671,2403.351285577577
11672,2565.2687047064874
11673,2599.4062423962846
11674,2867.0350830983634
11675,2220.074359762104
11676,3670.061037566643
11677,2949.033913976935
11678,1799.092583675021
11679,2228.422630171492
11680,3023.6573694984872
11681,2413.0797879140027
11682,2383.9515798371795
11683,2110.320502760661
11684,2362.5713777057226
11685,2942.7764618591823
11686,3034.5654267139435
11687,2073.3918621110474
11688,1946.7525052356527
11689,2311.1226188737587
11690,3453.8529075317356
11691,1927.7530455331805
11692,2459.7550225297987
11693,2011.662521162741
11694,3144.515460643903
11695,2550.3537846740533
11696,2417.5130782855285
11697,2190.2556910346616
11698,3120.0205710516457
11699,2665.1140853873057
11700,3569.050156158534
11701,2431.056853777238
11702,2020.698256151205
11703,2633.3255359165323
11704,2581.5050474228724
11705,2433.8613996258564
11706,2161.290092254594
11707,2687.3165087875345
11708,2872.685817423825
11709,2295.1554049227916
11710,2962.298082496698
11711,2205.7646410514812
11712,1778.3119327684371
11713,1966.4372442550284
11714,2555.828175894423
11715,2061.0159183711003
11716,2961.463497039654
11717,2247.5534273270423
11718,2658.797662026247
11719,3150.295664700344
11720,2282.827625551512
11721,2368.6680776911694
11722,2710.5509032372056
11723,2025.3248982325063
11724,2620.540795404456
11725,2207.8727780565105
11726,2803.266217234336
11727,2613.2726935524115
11728,1963.8525826984683
11729,2150.790039613338
11730,3258.431551591968
11731,2368.433839178947
11732,1952.788922201933
11733,2549.1840157152214
11734,2924.373693847203
11735,2901.6884756946665
11736,3155.3449497379747
11737,2229.0398929271355
11738,2257.727626961904
11739,2149.9528448995393
11740,2662.321582126564
11741,2668.036636949302
11742,2228.7781360260033
11743,2289.5502349618428
11744,2520.7344771959506
11745,2226.04252828451
11746,2017.1100567074918
11747,2755.4674182808694
11748,2607.640255623426
11749,3085.9296303763526
11750,2386.32971967465
11751,4054.239943861853
11752,3336.576911516545
11753,2231.6963071331106
11754,2137.992015730798
11755,2444.8482493836113
11756,2185.029857074547
11757,2572.3912855513354
11758,2572.169101515593
11759,3080.3527190348823
11760,2478.3984643618574
11761,2225.0581296624705
11762,2488.820266463971
11763,2186.3737685586375
11764,2262.9967781575933
11765,2841.2639694323125
11766,2805.281340829535
11767,2992.020802168384
11768,4785.878192077243
11769,1846.6939982187937
11770,1917.7446146262853
11771,3400.493387123949
11772,4112.6481154321455
11773,2643.84417020129
11774,2542.8954925459648
11775,2611.0682261769944
11776,2529.8321155554722
11777,3201.0471637903756
11778,1987.81063886714
11779,2294.243023403922
11780,3275.3214154381394
11781,3001.1048736177086
11782,2459.334514991133
11783,1986.291640985605
11784,3298.3789380338185
11785,2860.0627627882236
11786,2170.898219713302
11787,3015.6052595275655
11788,2575.0432166574938
11789,2376.524231009623
11790,2668.318630143815
11791,1967.4822782421118
11792,2258.247444187322
11793,1916.5176012908091
11794,2575.9804575297385
11795,2952.8681250591394
11796,3336.591851522289
11797,2721.792921508075
11798,4388.342078424535
11799,1872.856018121511
11800,2559.647012513241
11801,2554.919470291754
11802,2481.833427134731
11803,2114.9635486585325
11804,1905.5504462011218
11805,2235.309515763968
11806,2010.5983425173422
11807,2213.8482590130952
11808,2474.9202323350946
11809,3157.5443886772428
11810,2120.317782445215
11811,2800.501214690733
11812,2948.1806666418706
11813,2196.396834226576
11814,2067.083926345039
11815,1945.3732475136414
11816,2185.133632534667
11817,3451.6487457862163
11818,2190.466692426917
11819,2299.4115619388704
11820,2468.0061603210734
11821,3338.1522834930965
11822,1613.2286711118886
11823,2483.9671562009394
11824,2978.2831471978016
11825,2251.7546894901234
11826,2024.614059711604
11827,1738.3826684814626
11828,2673.3556894813673
11829,2621.815485075348
11830,2366.1223145699764
11831,2276.1953041906563
11832,2335.200229138157
11833,2838.9878793422195
11834,1939.7502934770118
11835,3126.6987963834117
11836,2017.8297350115308
11837,2939.6861416450165
11838,2087.7525110135803
11839,1997.7314334104717
11840,3477.7273180420807
11841,2761.1028364428967
11842,3391.06409348597
11843,3032.517143953432
11844,2375.1951237314033
11845,1855.7979597615379
11846,2178.2962130791566
11847,2788.232440396566
11848,2076.6543417533103
11849,3406.2515606491525
11850,2747.0435438086392
11851,2521.0495955036436
11852,3383.9479139517166
11853,2316.2944534290837
11854,2726.1926869656563
11855,2712.581172155601
11856,3549.744730324678
11857,2102.285921699897
11858,2148.016654987666
11859,2906.1929387046775
11860,2918.6653105446553
11861,2162.7906924915646
11862,2046.3094755044135
11863,1903.9268374533121
11864,1891.2451714994377
11865,2232.0143543216545
11866,2526.034264887184
11867,2712.1674319026506
11868,2088.220182923207
11869,3154.133440272383
11870,2813.348267171807
11871,1672.8416130466273
11872,2524.311811259091
11873,3032.582563433
11874,2055.4725860920335
11875,2345.301288555007
11876,2799.655623297775
11877,2107.005519994696
11878,2725.8237103128185
11879,2591.126007427497
11880,2532.0975922441667
11881,2553.217971157591
11882,2092.721594787161
11883,2846.9279497707057
11884,3247.2537433823163
11885,2763.870782805104
11886,2572.9763095476073
11887,2595.922299842562
11888,2233.119737132025
11889,2337.299682344178
11890,2357.2522932131706
11891,2060.837658808167
11892,2060.754516293552
11893,2416.055493070535
11894,2047.0432912209794
11895,2938.5612555788352
11896,2238.1238461441844
11897,2604.8372261436125
11898,2335.681757828507
11899,2034.450339059088
11900,2254.6970394809227
11901,2142.2961750598943
11902,2358.4223455969222
11903,2008.5450143564008
11904,3081.13650582888
11905,2922.4184882599247
11906,2219.3923236366472
11907,3684.8309495461904
11908,2532.9042478557058
11909,2900.6481121430097
11910,1934.960470875215
11911,2930.8362214825934
11912,2267.970142506906
11913,2345.875235234622
11914,3397.376770843591
11915,2510.624745903986
11916,3031.08333510164
11917,2865.91244133712
11918,2751.8422850054853
11919,3173.920872447835
11920,3281.2910611130364
11921,2303.624515247829
11922,2008.2663989123926
11923,2385.5442947655865
11924,2315.817762415199
11925,3146.4548106595294
11926,3511.0344467687564
11927,2181.929216545881
11928,2029.9457859448244
11929,2348.2415408789457
11930,2590.6693733815173
11931,3198.948691303079
11932,2566.9196363086257
11933,3019.5546626011937
11934,2297.111493394933
11935,3533.2037941554104
11936,2406.5764824078547
11937,2015.3395655824997
11938,2310.719431681944
11939,2187.7239364450847
11940,2955.452654028854
11941,2786.347037996654
11942,2011.8840367040575
11943,2018.843218919741
11944,2136.6967131177603
11945,2828.4542418095134
11946,1761.1471424872602
11947,2415.9957595685737
11948,3034.600406850003
11949,2596.5694752380005
11950,2203.7031966339664
11951,2039.3940434418178
11952,2966.7602857973907
11953,2366.4243736521616
11954,4364.246281176312
11955,1979.379982605276
11956,2840.8048864032367
11957,2153.525749125577
11958,2309.9467234291214
11959,2517.6951130398206
11960,2755.2875238529723
11961,2180.6139173266215
11962,3223.1323748972573
11963,2043.8076665195813
11964,3055.7221937535514
11965,2547.2110777921603
11966,3474.4766980785635
11967,3158.166993942974
11968,2956.031645053542
11969,2093.414527610893
11970,2281.325727184409
11971,2649.9741251371634
11972,2110.9916657247404
11973,2895.7539655722603
11974,2797.441669468567
11975,2328.1227992079334
11976,3978.5396918321608
11977,1862.322573254903
11978,2292.0606700358826
11979,4546.979728222602
11980,3583.14940170557
11981,2275.230953407794
11982,3442.668446927893
11983,1973.0986836606307
11984,1938.8662533938154
11985,4209.05097699424
11986,2349.0799810132526
11987,2993.387466117384
11988,2200.6900081169997
11989,2121.1451055740367
11990,3106.910360894157
11991,2884.5045571111978
11992,2330.874422579194
11993,2012.4317512654145
11994,2065.4790222936977
11995,2094.6855276058673
11996,2739.3041920339383
11997,2101.2915133871984
11998,2275.5347976138905
11999,3339.418861738876
12000,2552.6040966188175
12001,2099.224007533776
12002,2217.431791950407
12003,2936.312605965677
12004,3272.7603918651994
12005,2392.7390297344455
12006,2162.813011200643
12007,2591.3170570838874
12008,2245.718292088249
12009,2674.405690745756
12010,4185.711064948762
12011,1682.110221488933
12012,2758.1342005069296
12013,3317.6861254484857
12014,2250.3189281549066
12015,2968.0932897879734
12016,2272.5738948717144
12017,3090.72341125085
12018,3726.119794025265
12019,2423.7145040329997
12020,3132.032850529174
12021,2330.395622259376
12022,2433.467419556406
12023,1535.3055790695182
12024,2478.548026281084
12025,2737.814810876079
12026,2421.1593921874783
12027,1998.0112451275509
12028,2317.1528271471207
12029,2333.8792321988844
12030,3997.2074779766913
12031,3740.1908001618144
12032,3060.9564087749886
12033,2469.124952820518
12034,2457.159466247611
12035,2461.8824572254125
12036,2166.1020343783794
12037,2139.4975716031754
12038,3284.7115912135505
12039,2420.8499559093057
12040,1855.7595172907659
12041,2059.7156924363803
12042,2517.1091668426875
12043,2252.0782079049764
12044,2960.391754386206
12045,3707.469096754944
12046,2571.8814108753604
12047,2404.2932237566774
12048,2713.6640249114744
12049,3494.96040794963
12050,3280.2745906023
12051,2387.8348876799687
12052,2137.750323855366
12053,2278.0491100304807
12054,2859.8213103579756
12055,3319.3031027433353
12056,3193.733128726075
12057,2262.2626843091457
12058,2569.024843071031
12059,2882.5346384133995
12060,2482.6649505741298
12061,2036.4080560724444
12062,4178.072186840998
12063,2243.411134335589
12064,2042.2806879169375
12065,3441.493416033968
12066,1922.853994717745
12067,2337.8463569558144
12068,2248.107386242206
12069,2294.6896804976896
12070,1839.7121743334737
12071,2601.9931442718853
12072,3292.6985345707544
12073,2094.6565542251137
12074,2060.237571826722
12075,3440.2320797731345
12076,1790.92412921392
12077,2695.1471229134895
12078,2366.6076158458845
12079,2216.1739298010425
12080,3231.946576306711
12081,2404.4699915573037
12082,2171.164037050762
12083,2217.0893242968705
12084,2922.15604762936
12085,1746.412373114278
12086,3112.2640308529744
12087,2783.3263076997287
12088,3376.448999965347
12089,3446.1988288771427
12090,2575.2749982564765
12091,2193.4210943614685
12092,2006.5324375045848
12093,2287.2902009032905
12094,2730.23642120746
12095,2558.3334461598
12096,2866.090732857627
12097,3063.476615140149
12098,2434.699177520115
12099,3071.759728497763
12100,3058.6782531799704
12101,2384.868064990119
12102,2775.6037327555714
12103,2308.776375816058
12104,1910.1001442280453
12105,2529.2251257492608
12106,3276.1648183064303
12107,3191.1167237183818
12108,1604.746051115057
12109,2159.799934395588
12110,2258.4039879778893
12111,2863.9005717775526
12112,2592.241426434582
12113,2053.9644659076544
12114,2472.960384694409
12115,2716.4583456627015
12116,3031.5621806297877
12117,2041.7517455251086
12118,2168.891237855774
12119,1975.476696689483
12120,1869.3144063245704
12121,3041.8170067867927
12122,2563.3611906669817
12123,2055.9918352131117
12124,1946.2740941046925
12125,2047.3200100625882
12126,2116.475993007199
12127,3271.325689737203
12128,3621.043706978649
12129,2349.729277442519
12130,2847.8578637322553
12131,2701.5298515261047
12132,3903.8855877509222
12133,3595.7517133548395
12134,3577.838870224444
12135,2030.6688078531597
12136,2689.6768165865005
12137,2276.745730516621
12138,2766.4807509601656
12139,2898.9438664334166
12140,2915.3974914893615
12141,2095.6932800190916
12142,2452.5199649063
12143,2946.5440773809996
12144,2851.91535843934
12145,2241.827742347618
12146,3208.4085705964244
12147,2137.1490991721353
12148,2503.2384850142353
12149,1794.0281842196225
12150,2413.2011282283274
12151,2264.9537592140387
12152,2194.509979297729
12153,3553.13047334015
12154,1431.2540662918957
12155,3242.077391330986
12156,2588.48738574814
12157,3111.6550642261027
12158,3294.155805403876
12159,2454.9722156479093
12160,2399.8798663235043
12161,2649.734405818282
12162,2718.2212066100083
12163,2357.2236955731537
12164,3547.5756603116547
12165,2699.7400157444954
12166,2179.6346956770058
12167,2962.7054020364494
12168,2356.062517285296
12169,2460.3948562441155
12170,3117.258225641703
12171,2150.9400329839914
12172,3651.009136952477
12173,3172.9491362746876
12174,2436.213631874035
12175,2570.8406204109806
12176,2623.359088266092
12177,3093.7810789220784
12178,2494.2745103225793
12179,2807.412711287053
12180,2285.4259492243173
12181,2618.640321356562
12182,2273.1407699304727
12183,2401.371086728863
12184,2331.369157656425
12185,3307.2340927942932
12186,3421.7644385772337
12187,2281.294806130053
12188,2383.5720236423563
12189,2941.047416282411
12190,2217.5190450043224
12191,3498.5579264752564
12192,2616.1074494429295
12193,2118.14025455243
12194,2750.286679992947
12195,2532.7389689789225
12196,2510.6317926026877
12197,2181.513023755386
12198,1943.1646285069255
12199,2613.0985050070694
12200,2105.9679078143968
12201,3157.38816067857
12202,2112.4800681052957
12203,2227.0743973458766
12204,2311.920526801571
12205,1799.0816033481954
12206,2382.4786287985025
12207,2089.3864860224303
12208,2960.0897774080804
12209,1996.0360658818304
12210,2020.7929829467948
12211,1897.6282526127566
12212,3059.7313456543143
12213,2212.8993139370687
12214,1932.8579615415167
12215,2244.251514742236
12216,2438.699702182973
12217,2809.1654913311686
12218,3445.166243137536
12219,3003.3987335664083
12220,2592.9199627923845
12221,2221.859314955488
12222,3286.358202317049
12223,3357.151503833307
12224,2890.212384012936
12225,2713.6080163533716
12226,2314.5001151367733
12227,3476.495933332573
12228,2993.3627639350893
12229,3752.9185802974202
12230,2963.5895137811567
12231,2573.0264618118836
12232,1687.0000190895428
12233,2615.702414110804
12234,2176.313518165389
12235,2165.4678808668054
12236,2314.456160875647
12237,2229.058799475946
12238,2812.373076867981
12239,1988.4092076893191
12240,1665.519955455684
12241,2984.452291900483
12242,3355.1180889853113
12243,2976.210360392869
12244,2285.18162991026
12245,1994.5862574369419
12246,2765.438530968052
12247,3049.018492931764
12248,2352.914802446179
12249,2373.6518466124835
12250,2379.244030160822
12251,2234.7030958306086
12252,2702.1406442387247
12253,3098.6467765702782
12254,2357.587024624823
12255,2464.4597630449334
12256,3063.043399772403
12257,2212.163797745431
12258,2394.314058737075
12259,2852.505364852377
12260,2421.1553279226828
12261,2192.6972729424024
12262,3684.3511308532306
12263,1527.9597553955089
12264,2824.5107231332267
12265,2461.9720107838757
12266,2506.0740769116906
12267,2484.381037430221
12268,2484.953708401994
12269,1816.347558812647
12270,1975.6619514828608
12271,2326.159213268546
12272,2853.389240263339
12273,1907.2762626481056
12274,2035.7167579710451
12275,3379.6454567297396
12276,1817.1733484999081
12277,2367.4346548583267
12278,3142.6102849311847
12279,2056.014926879161
12280,2783.5526008455035
12281,2095.6417648115057
12282,2612.3021685185768
12283,2556.1945210117838
12284,2564.287844495303
12285,2334.9435796378016
12286,1910.8988268887024
12287,2234.578997236316
12288,2679.836239913819
12289,2354.474077721108
12290,1995.472229075905
12291,2128.0261270955098
12292,2547.8139344685983
12293,2377.519932680423
12294,3624.868580609583
12295,1923.1570137965543
12296,1972.1045878306832
12297,4025.9489129541134
12298,2978.4033086663367
12299,3138.720252074319
12300,1900.593465441766
12301,1980.326486353185
12302,2838.6414700636487
12303,2236.8454050941727
12304,2618.8896289870336
12305,3633.207651007481
12306,3116.421950719941
12307,3060.598995808453
12308,2238.28633618145
12309,2120.9519302758245
12310,2903.0069539003125
12311,3433.4705795982723
12312,2872.669661503767
12313,2780.287394829581
12314,2166.35627085213
12315,3519.7855420592523
12316,3362.8894495931954
12317,2518.3454207533227
12318,2713.8365690322084
12319,3071.7926280688275
12320,3075.798830260323
12321,2545.9917312397483
12322,2297.005270471922
12323,2202.734291838776
12324,2114.6776124296093
12325,2315.6121179650418
12326,2796.209029686767
12327,3146.7947867078274
12328,2214.612797943947
12329,2864.7495807359637
12330,2187.100306652401
12331,1957.8730906437704
12332,3265.064590496475
12333,3353.036541577533
12334,2153.958040124153
12335,2219.6276134670397
12336,1990.9557972118168
12337,2327.281485617432
12338,3026.365379183053
12339,2078.31720218732
12340,3456.4761378575367
12341,3561.3910719677842
12342,2602.2456783037687
12343,2671.9736694337093
12344,3429.87709954362
12345,2163.5325804370864
12346,3490.3281775404207
12347,3419.3994907511487
12348,2730.418681440112
12349,2472.7487654078595
12350,2814.437424551198
12351,2690.4378778917844
12352,2351.3570744570607
12353,2738.2275422392686
12354,2245.362855321986
12355,2285.459575962146
12356,1534.738435006805
12357,2311.7528836356923
12358,1962.3435693679937
12359,2145.2264740590626
12360,2147.0129510352826
12361,3230.3884517412234
12362,3611.854140903465
12363,2226.4219910603447
12364,2526.804161932241
12365,2014.2624895890272
12366,2743.0487400877296
12367,2578.2713730900705
12368,2131.0128209410614
12369,1915.1589775447787
12370,2942.3400451283314
12371,2398.6595169049924
12372,2863.5855229866124
12373,2785.426064767261
12374,3700.9308970312495
12375,2659.4268208706644
12376,2406.581870031965
12377,1946.4738100593868
12378,3267.314552818393
12379,2072.4442679005147
12380,2144.4429153270808
12381,2060.818747699487
12382,3256.4983791127834
12383,2222.7422051542903
12384,1922.5313184131828
12385,2198.283696826379
12386,2162.1543114222686
12387,2297.1132738111105
12388,2289.013035352441
12389,3418.1876541906563
12390,2069.4202164999433
12391,3154.00120223662
12392,1998.4442272201281
12393,2914.316720982755
12394,2172.407224921129
12395,3039.0418176051044
12396,3076.2224891801243
12397,3437.009444257566
12398,1991.4927837143753
12399,2292.826242072231
12400,3166.473244633469
12401,2665.546399720626
12402,2559.4236574151564
12403,2501.690252878324
12404,2467.019030422709
12405,3253.6093587554333
12406,3252.3953334271646
12407,2348.3096959404206
12408,2162.7877701174134
12409,2433.0459188639115
12410,2056.817657859125
12411,2459.78723994288
12412,3024.384093773159
12413,2564.435825462654
12414,2202.233125953336
12415,2240.50434876728
12416,1878.5938074846033
12417,2389.214324577059
12418,2938.0457584814285
12419,2939.0220013993385
12420,2447.7721034739516
12421,3537.017493590486
12422,1813.7214890294904
12423,2674.287630338763
12424,2062.1225706275814
12425,2004.878337276068
12426,3049.6592651288793
12427,2827.0302142922374
12428,2065.4495837384975
12429,2894.506125735837
12430,2123.39545101723
12431,3129.344821946731
12432,2350.1203284895255
12433,3113.8067634185154
12434,2240.9120549109794
12435,2264.65373758092
12436,2740.1978649695693
12437,2899.7116869241854
12438,1817.1147829088054
12439,2116.4174985659056
12440,2124.8582539006115
12441,1842.3255691928534
12442,2434.1749848964528
12443,3067.6019745815047
12444,3595.4663772422227
12445,2096.100830141111
12446,2491.0719060119955
12447,3551.8675032455394
12448,3130.0837390118386
12449,2662.864948270764
12450,3055.6601272477387
12451,2281.326345566991
12452,2228.5997884848653
12453,2426.6200547263525
12454,2151.9365528929025
12455,2631.310566930031
12456,2800.402138206511
12457,2337.267946320195
12458,2300.7602577213474
12459,2257.5616890462466
12460,2317.3049889905965
12461,2120.954394668116
12462,2229.553184994705
12463,2966.965973141326
12464,3709.088603261749
12465,2734.3963931351136
12466,2713.946508005979
12467,2354.697901738631
12468,2211.048832638313
12469,2351.437337217988
12470,3654.059622305759
12471,3484.54066864401
12472,2189.7876402326274
12473,3606.953057446219
12474,2084.1845965703915
12475,2079.5544963082816
12476,3768.3922696503437
12477,2687.4214475068607
12478,2386.028214398055
12479,4081.910454526996
12480,2342.3995971729223
12481,2379.7661042593636
12482,2376.4362909191786
12483,1681.10142595659
12484,3122.7441162145615
12485,2747.3228742721844
12486,2725.7449041406558
12487,3645.6822532934684
12488,1972.645947770044
12489,2494.0193446402664
12490,2348.775116735117
12491,1959.0128442383477
12492,2068.6104679733908
12493,2018.238292603311
12494,2397.4534725673902
12495,1984.2200144993703
12496,2109.2240394609985
12497,1855.1189776481824
12498,2083.0489580240246
12499,3554.565751748749
12500,2863.112632324317
12501,2415.422978221677
12502,2505.876947061018
12503,3230.598528916198
12504,3163.96578214127
12505,2360.498811208614
12506,2474.0957980882977
12507,2649.9745000122216
12508,2070.55553443429
12509,2309.7930933268813
12510,3310.3587707957677
12511,2164.4449009061254
12512,2837.6367981178364
12513,2147.0210479747543
12514,3238.7297592152227
12515,2067.1695929423704
12516,2382.264694254507
12517,2728.5533062393097
12518,2075.113796988426
12519,2288.7808170533135
12520,2236.779095661139
12521,2275.5495843040817
12522,2155.040234877394
12523,2288.971807206238
12524,1835.2550833096193
12525,2187.257704082563
12526,2741.8273406501758
12527,3026.732565828698
12528,2823.3284444799174
12529,2322.7530551916952
12530,2494.651298130464
12531,2095.559858251405
12532,2869.8982214379025
12533,2629.037980483583
12534,2335.368681711373
12535,2139.8720033661643
12536,2229.291115391124
12537,3448.592243651745
12538,2867.4100376682286
12539,2124.2429805250285
12540,2937.967666994823
12541,2743.5079125717257
12542,2639.7531591629263
12543,3021.1945002057273
12544,2158.341468233555
12545,2480.9193908413895
12546,2018.5329357917312
12547,1835.1574836945738
12548,3133.2207214420346
12549,3089.2817147959736
12550,2933.741625290069
12551,2947.44021773185
12552,4613.310597807447
12553,2942.0985195716685
12554,3751.486012938317
12555,3046.362688257683
12556,2367.981418385436
12557,2088.651803789546
12558,1873.9370285489435
12559,2271.009968924789
12560,2697.8152479698524
12561,2235.3021597940988
12562,3449.1298858976543
12563,2419.8781725138315
12564,2484.967582428899
12565,2790.7420086640795
12566,2832.6626365081406
12567,2042.8220090208729
12568,2065.651811055151
12569,2845.6722641043207
12570,2906.6517559112426
12571,2032.5229628641414
12572,3071.4618521672546
12573,2782.6627589625423
12574,2001.1452714865716
12575,2642.2949435078644
12576,3611.907113678305
12577,2440.7756446980457
12578,2181.676772627886
12579,2690.7271566403488
12580,2272.810002755325
12581,1818.022187978758
12582,2462.9154514562124
12583,3038.8034598664076
12584,1968.896726519489
12585,2155.60915206672
12586,3148.849720185243
12587,2008.4895403785026
12588,3238.9723101707687
12589,2515.1437024203688
12590,3023.34181493696
12591,2476.300784448432
12592,1900.8204016061218
12593,2753.771013248014
12594,2681.064806366543
12595,2540.593847206331
12596,2341.3383118511974
12597,3123.2686191248713
12598,3333.783400831526
12599,2150.529281713664
12600,2215.093891339636
12601,2552.453600090969
12602,1801.5487467669855
12603,2321.995198022886
12604,2470.241791329818
12605,2545.7282737165892
12606,2727.457915270798
12607,2746.9917713897166
12608,2273.648024878048
12609,2848.352640571274
12610,2298.1552660170896
12611,2918.821331209102
12612,2428.648981847519
12613,3087.2532435133735
12614,1882.7158753365875
12615,2193.8059381791336
12616,2371.8467386238553
12617,2436.187803952038
12618,2504.901563464081
12619,2523.644598091057
12620,2059.304058664236
12621,2277.59616738022
12622,3040.3453183880783
12623,2527.5202149710863
12624,3162.004475568856
12625,2218.82190205101
12626,2682.922671026951
12627,2158.232433660404
12628,3032.0605119869056
12629,3290.632792910874
12630,3246.5965956100663
12631,2111.1493431653744
12632,2156.930171426202
12633,3066.3252724480167
12634,2099.120854373765
12635,2504.5808133534633
12636,1916.9216881472967
12637,2626.443697102144
12638,2771.276107607492
12639,2184.155068569131
12640,2980.143052867885
12641,2117.6048251381408
12642,2593.5292157204217
12643,2075.298264236535
12644,1999.2286678095222
12645,3335.3659911323366
12646,3609.794637114359
12647,3295.6299130806456
12648,2291.7315695432926
12649,2086.8848161393425
12650,2495.2983958403265
12651,3114.048694619363
12652,3205.070426298346
12653,2126.8107341913365
12654,2362.338928534734
12655,2725.932542502582
12656,1839.6844704264854
12657,2231.940711993503
12658,2150.7338450099433
12659,2388.117489073841
12660,2126.3581298898976
12661,2647.0401332303954
12662,2557.8167250382267
12663,2955.210958764771
12664,2378.844017052606
12665,2706.5384807096957
12666,2502.5300204220644
12667,3686.3809745172803
12668,1831.4841541224705
12669,2888.746073731696
12670,2276.562332784655
12671,2177.5250753821047
12672,1847.09026739808
12673,1820.7066373713312
12674,3270.530784110696
12675,2649.058747280226
12676,1866.8390747559743
12677,1652.9535771043275
12678,2610.2473770676115
12679,2950.547879057809
12680,2585.1595257184777
12681,2388.973795930604
12682,3287.2772674858047
12683,2374.9598505291333
12684,2481.4501211072866
12685,2628.0380166307086
12686,2150.2931926108645
12687,3097.8237067194914
12688,1947.9336713425225
12689,2416.1707195686486
12690,2637.589283789656
12691,2154.723249423708
12692,2269.187666713414
12693,1836.3875044478748
12694,2602.885616923226
12695,2740.1102916483333
12696,2765.438530968052
12697,1854.532271720208
12698,2833.982186850306
12699,2245.2943732218805
12700,2236.1940797490533
12701,2802.7621564057717
12702,1440.2037196531207
12703,3259.8515860153543
12704,2221.0437009316906
12705,1916.2732190962552
12706,2917.19046763006
12707,2587.7304820321065
12708,2137.3901137373464
12709,2881.9516817806407
12710,2265.36849344115
12711,2293.389207312632
12712,2422.3180734872694
12713,2411.8540697642793
12714,2426.6228125295756
12715,1917.8520984181619
12716,1995.8904684537633
12717,2091.821227296199
12718,2594.649195060786
12719,2171.749504720773
12720,2051.6362734897543
12721,2198.2811745314816
12722,2879.4273860861113
12723,2276.2595635005664
12724,2027.8979128081655
12725,2949.17646582882
12726,2631.0762344862806
12727,3473.2173112420605
12728,2584.538979195745
12729,2528.2658931637397
12730,2015.2251139715622
12731,2902.622839448327
12732,2000.3139603368986
12733,2269.4724109260164
12734,2229.1036841574423
12735,3246.677187044671
12736,2622.100919170931
12737,2736.3626892940692
12738,1935.771855979789
12739,1940.0812220022804
12740,2160.706254696287
12741,2234.2766599054594
12742,2031.9371211303087
12743,2703.4770301039475
12744,2511.795530998667
12745,2080.1890837706005
12746,3269.2248054910583
12747,2497.830610564693
12748,3099.3233339485205
12749,2296.021885918565
12750,3191.2099080572034
12751,2299.2149436696236
12752,3903.1252055273394
12753,2259.058476412206
12754,1913.9770357234188
12755,3026.3994116447375
12756,2827.295836864354
12757,3562.8732774138703
12758,2130.8316536702578
12759,2158.375552469289
12760,2088.1049408686094
12761,2718.964588846077
12762,2514.3637040003287
12763,2273.7544053051242
12764,3017.444876901088
12765,2236.902196383013
12766,2767.9094045412453
12767,2812.547432079986
12768,2365.0932686174942
12769,2316.403174447652
12770,2044.4572176832976
12771,2808.016608673592
12772,1845.2298117109153
12773,2917.742367781326
12774,2274.881824957603
12775,2859.972113143232
12776,2458.66585981949
12777,2538.0446646074643
12778,3182.3432092428848
12779,1997.8858389372808
12780,2058.0219514043274
12781,2176.621825755409
12782,2795.625709027616
12783,2378.902090410468
12784,3375.6335430080335
12785,3097.112195405432
12786,2262.158232406502
12787,2553.481594813312
12788,2265.911399721274
12789,3132.3438141285765
12790,3133.0903408521967
12791,2433.768929715272
12792,2446.290029855618
12793,2047.2467349753279
12794,2536.0120126608035
12795,2345.2170735129953
12796,2299.657901124338
12797,2515.636717783881
12798,2279.685998185869
12799,2878.835556172522
12800,2948.8244958759014
12801,2942.290817486005
12802,2043.6687899406193
12803,2571.4507853434634
12804,2405.1405715964593
12805,1920.176395573495
12806,2702.801432118818
12807,2986.7625692543834
12808,2479.0361107612252
12809,2482.466268411973
12810,2101.9155111813216
12811,3864.127403519191
12812,3056.13914023138
12813,2883.4790641683535
12814,1859.7860596684905
12815,3422.6961843800805
12816,2179.688917579908
12817,2265.8994444151185
12818,1992.770197531538
12819,3803.880941767274
12820,1801.9769856756275
12821,2250.015999196879
12822,1989.3781463075827
12823,2454.0209932589123
12824,2901.15722939605
12825,3759.273274029806
12826,3119.6752481624017
12827,3086.6400463578148
12828,2635.637166099993
12829,2324.7607696102395
12830,3004.0369662048015
12831,2566.896076817912
12832,2897.127846868483
12833,2549.405375124503
12834,1958.4125664402814
12835,2682.989620641359
12836,2739.4608206387375
12837,3162.5417758958347
12838,3688.0099088331226
12839,2342.2169660799545
12840,3196.881426273165
12841,3310.366756657818
12842,2905.0067863996546
12843,2592.0422948460573
12844,3110.411742541877
12845,3138.4034610749604
12846,3118.724102494068
12847,2505.888704891592
12848,2519.4764784752497
12849,2221.8643441224735
12850,2375.406173707112
12851,3119.8815404786465
12852,4891.327859482196
12853,2276.2711576961638
12854,3221.235879918676
12855,2524.6238754523415
12856,3480.9116798955697
12857,2273.5929364917265
12858,2719.4177807443075
12859,2726.911906109517
12860,2115.7330894876054
12861,1881.7212586661958
12862,1743.8537246256724
12863,3144.748530409518
12864,2403.739433224378
12865,2404.080725246252
12866,2515.3585872302465
12867,3263.835879210388
12868,1876.821768654645
12869,2232.978427328334
12870,2290.7868904487204
12871,2296.3812979637432
12872,2145.9128445673787
12873,3093.004828047004
12874,2600.746410597361
12875,2216.86785851059
12876,2239.1946372466473
12877,2539.496948224015
12878,2672.045026489436
12879,1900.2939307091615
12880,2142.9243852198288
12881,2728.4664378517386
12882,2814.7250525595055
12883,2891.7311699295906
12884,3411.131800286805
12885,2280.7461958216113
12886,2683.3904661056995
12887,3277.9710333631633
12888,2561.343412889444
12889,2352.5754716412403
12890,2839.998565582945
12891,2476.977994330503
12892,1920.3538308867944
12893,1933.9422176098665
12894,2622.9118561716787
12895,1971.5662241038126
12896,2709.7364400403976
12897,2671.123957744181
12898,2464.501397811291
12899,3418.6996799646913
12900,4831.709391251046
12901,2313.323087166354
12902,2607.9216372583246
12903,2944.774390336158
12904,3244.51355124846
12905,2445.2800304348516
12906,2750.1399182128075
12907,2251.7158780262307
12908,2670.8257025114763
12909,2857.787298805505
12910,2254.0656686067446
12911,2710.228720141495
12912,2285.7244007052705
12913,2946.5535045410215
12914,1762.6023518887164
12915,2183.6886194314407
12916,2519.7300089513183
12917,2683.2991593239803
12918,2519.0768520091992
12919,2100.8228703032096
12920,2354.4489898034567
12921,2902.3511435708324
12922,2595.315878505572
12923,3679.4804150090567
12924,2301.5323472819164
12925,3208.138829910814
12926,3581.5396468475215
12927,2050.3283982915555
12928,3159.5783019574146
12929,2751.187952946946
12930,2399.0998451153064
12931,2854.3296397745216
12932,2564.656639505678
12933,2650.859529286963
12934,2503.211663903101
12935,2233.62023313841
12936,3418.553823989965
12937,3251.2783821723415
12938,3364.4904311102855
12939,2885.8881254210137
12940,2489.977597124531
12941,3351.761037245713
12942,2627.6056154688417
12943,3198.669876359714
12944,2230.4338629440517
12945,3696.427792411095
12946,3051.961988962903
12947,2757.653421178552
12948,2104.9029468252043
12949,2629.22514888942
12950,2830.283658492726
12951,2643.6057219620448
12952,1962.596222327296
12953,2421.457667463927
12954,2641.265050758112
12955,2552.8047295251904
12956,3102.293506897085
12957,2995.118076235049
12958,2554.1616482263344
12959,2978.0006573120527
12960,2671.3650645151447
12961,3449.0153268708937
12962,3214.468379834672
12963,1751.993552976638
12964,2342.068566893183
12965,2479.386295222397
12966,3349.555871267453
12967,3579.7953289415477
12968,2694.0416381557543
12969,2115.059292799089
12970,2391.0829095629956
12971,2150.979166348557
12972,3465.3808146090987
12973,3183.141266544161
12974,2403.722802796084
12975,2130.9839552314666
12976,1884.5887169706918
12977,2828.5319412076924
12978,2794.142096562366
12979,3030.9804669137507
12980,3241.986910493015
12981,2629.261485395152
12982,1975.0473229616678
12983,2148.97318868061
12984,2639.412661390772
12985,3064.7539386296485
12986,2565.657290269916
12987,2017.9373209590703
12988,2755.5768241969904
12989,2135.1615835380094
12990,1931.2177388070343
12991,2532.283445343956
12992,2161.698373577531
12993,3211.1316541794295
12994,2580.2605464695434
12995,1866.7107004909058
12996,2521.251953726717
12997,2595.669155788608
12998,2730.59073924012
12999,2467.8111156278906
13000,2259.0590084093733
13001,2897.4613165254723
13002,2082.2575765702527
13003,2352.90585775433
13004,2405.418832087874
13005,1959.8476943367473
13006,1846.7788298875207
13007,2098.6449685513676
13008,3375.765644013401
13009,2523.0432211645993
13010,2973.2891620885957
13011,2207.5486008394937
13012,2748.4539553192835
13013,2933.641516385002
13014,2608.91480024026
13015,2138.851421691862
13016,2985.9825718747306
13017,2411.3561900960312
13018,2996.8914474359235
13019,2682.6237762143137
13020,3422.4717050703266
13021,2101.659695735415
13022,2712.799932845147
13023,2408.394434850182
13024,2239.040743959188
13025,3135.33625585394
13026,2099.4300635532422
13027,2440.16632629533
13028,3428.2695728725407
13029,2722.7594120034237
13030,3121.6505775342275
13031,3234.648590362983
13032,2446.1701099756892
13033,2203.5032491827396
13034,3283.930515954393
13035,3463.9978254015105
13036,2027.6526675127006
13037,3676.4209923972053
13038,1889.450737941209
13039,2738.481211935232
13040,2864.4890970133556
13041,2334.733832435166
13042,2964.1510754974306
13043,4412.178192386013
13044,2421.852513399585
13045,3196.6647082154304
13046,2377.3630179053202
13047,2687.5995889609394
13048,2341.3307729176354
13049,1969.111733942667
13050,2374.4241611476004
13051,1943.4932429285564
13052,2635.7710827756746
13053,2707.832098573706
13054,3322.0553082139227
13055,2266.6315238561087
13056,2350.9195667998024
13057,3384.3741385425
13058,2035.2078492144178
13059,3421.298226183088
13060,2752.0516583826284
13061,2646.429483729637
13062,2687.195805360884
13063,1869.8104518374014
13064,3443.0626441603754
13065,2854.3407374482595
13066,2228.166033978875
13067,2447.9325758269265
13068,2607.167887730529
13069,3426.880542114004
13070,2133.7884826855357
13071,3723.0541953124684
13072,2475.3057811931267
13073,2241.1689169378146
13074,2453.0636725481045
13075,3248.5616955799223
13076,3419.3591579399126
13077,2505.774076516812
13078,2383.13162852275
13079,2472.8996763934265
13080,2086.779344024474
13081,2953.1536743436877
13082,1954.4566022033687
13083,2439.060550263891
13084,2390.082803202073
13085,3561.2385455144477
13086,2402.631014676678
13087,2267.7961608266864
13088,2846.764774124942
13089,2019.973952586288
13090,2176.8509419217953
13091,3700.5142339086206
13092,2031.8673094229475
13093,2618.583784831044
13094,2926.5860575215675
13095,2777.6752354750183
13096,3109.642994523252
13097,2625.575154543461
13098,3520.7188173457043
13099,1889.0210671246978
13100,2521.0369917582257
13101,2368.2660370262915
13102,3074.850710988919
13103,3343.1442268163446
13104,1944.125743511578
13105,3399.142057269619
13106,2554.513694720922
13107,2020.799503507811
13108,2934.3010065857607
13109,2521.957477155195
13110,2109.6682422666668
13111,2381.0139178349727
13112,2329.6475772563745
13113,2950.6602978462633
13114,3022.932450848342
13115,2356.589253098067
13116,2195.4171196303428
13117,1873.52956576394
13118,3291.912517868219
13119,1935.326821291149
13120,2424.612757207488
13121,2467.451934822343
13122,2203.8247569185796
13123,2182.4784901517705
13124,2391.5422351566704
13125,3018.360207410904
13126,2178.491531514645
13127,2931.6498884920966
13128,3047.2723110854736
13129,2792.4257170786564
13130,2670.18965509058
13131,2177.9456027835904
13132,2422.829562729861
13133,3049.696082877034
13134,2772.3640721934817
13135,3757.819453285372
13136,4363.590348970392
13137,2667.859328061834
13138,2179.3895438434765
13139,2239.9178920678632
13140,2148.9675281424825
13141,2699.1755900574885
13142,1985.890445679703
13143,3182.7109259646704
13144,2350.995788648787
13145,2200.6832542732486
13146,2121.78181626645
13147,2851.440244183106
13148,3620.0866875173524
13149,2849.4152034718927
13150,3020.076103508198
13151,2482.6366046833737
13152,2472.2272168360405
13153,2257.4893113289745
13154,2095.767853437306
13155,3071.212826790181
13156,1890.1180550343242
13157,2704.0081320328536
13158,2785.8084040397794
13159,2788.1929610758853
13160,2657.437896817196
13161,2270.8582210251725
13162,2350.070361800338
13163,2321.8501866373113
13164,2393.484610214008
13165,2256.8102624650815
13166,3340.1085984848683
13167,2418.252209699831
13168,2060.3116466855386
13169,1999.5575511115173
13170,1451.7898302510775
13171,2317.435243532137
13172,2736.3197689714875
13173,2785.8184449773044
13174,2860.953966903585
13175,3297.817776431431
13176,2061.71593514944
13177,2215.7661445251897
13178,2327.4869376697598
13179,1896.7577609470732
13180,3717.5991172974973
13181,2455.9910975167904
13182,2276.3235755588494
13183,2005.9821264605998
13184,3040.3430424534345
13185,2273.584584288273
13186,3129.712189590068
13187,3949.9916802623666
13188,3587.6123447166347
13189,1595.859429905861
13190,2296.73994203949
13191,2348.9337802701375
13192,3277.9707983692033
13193,2150.884291165094
13194,2124.9374477815113
13195,2699.0795940598914
13196,3133.1685675492618
13197,2497.107757397973
13198,2203.9407837428585
13199,2996.177710813521
13200,2733.1168045537315
13201,3584.3622997399452
13202,3444.4213302319013
13203,2819.746003897085
13204,2490.9978832434854
13205,3137.952060233054
13206,2088.9682372116495
13207,3393.8200627639653
13208,2361.478765639583
13209,2060.9165664641123
13210,2524.943817257324
13211,2036.7651296904417
13212,2610.9017138628765
13213,2647.7512498325104
13214,2857.641214545667
13215,3473.899841661646
13216,2737.5078853811615
13217,2167.4067175286946
13218,2536.657985367592
13219,1858.9331142312035
13220,3197.8806373196435
13221,2356.5690223155425
13222,3051.404685520284
13223,2670.442151103808
13224,2931.3939296942326
13225,3009.0800638260816
13226,2281.5041249020032
13227,1949.5541364864912
13228,2946.668746947931
13229,1979.5248925666879
13230,3879.8434421036545
13231,2344.8950959579006
13232,1801.2520607976508
13233,2368.3702404825053
13234,2145.745385711173
13235,2187.426087977019
13236,3335.33256615533
13237,2631.3252569720817
13238,1905.696033367198
13239,2305.9923743916197
13240,2067.4959005485152
13241,2119.7007684719783
13242,2836.4813480958046
13243,1843.4769923330882
13244,2319.104544309417
13245,2001.4697689900286
13246,2432.468121434462
13247,2199.6762579206998
13248,2604.1916126756905
13249,3648.0232996162795
13250,2503.235578379976
13251,2123.1362417464647
13252,2773.9947540790436
13253,2458.253799391484
13254,2053.576610651642
13255,3312.0566111404196
13256,2884.87572792198
13257,2451.3895499572873
13258,2485.183372445471
13259,2050.6073446522064
13260,2698.8501741233513
13261,1878.5383680520454
13262,1891.882415495047
13263,2962.276653747528
13264,2135.382351349858
13265,2302.799276032747
13266,3023.9520521051927
13267,2452.183183875897
13268,3095.141364770009
13269,2924.4540587162646
13270,3153.303973401804
13271,2881.6192029548565
13272,2955.8463577907087
13273,2321.144122310734
13274,3337.8794516634407
13275,2021.863525302726
13276,2514.107621925721
13277,2389.658373345789
13278,1755.4158199335716
13279,2081.903058159606
13280,2828.0094195245383
13281,1794.87471966909
13282,2053.177197866799
13283,1913.4355232151938
13284,2220.3090293121677
13285,3185.7059450389434
13286,2748.17241811891
13287,2457.909900018688
13288,2219.258127654491
13289,2069.465667369045
13290,2690.9259136956234
13291,2991.3613282876454
13292,2342.657558115833
13293,2008.2332870560563
13294,2276.518350505229
13295,2500.06009120333
13296,3281.8375337463576
13297,1960.0016175352653
13298,3306.0970093805727
13299,2460.448646961414
13300,2507.7823770353352
13301,2970.1407658256867
13302,2595.4857207906175
13303,3736.193343881412
13304,3592.718911398509
13305,2740.058951943968
13306,2740.88575132158
13307,2214.824072172032
13308,3038.4379259745892
13309,2064.702607368944
13310,2766.3123337005813
13311,2708.2546465068745
13312,2953.9486119420144
13313,2154.1592303592643
13314,2279.486746848827
13315,2645.4976636965853
13316,2376.2383194349713
13317,2827.0463285367778
13318,2753.3834901222463
13319,3209.591149828094
13320,2229.7500134910047
13321,3030.0430818491795
13322,3672.742044972825
13323,2905.7510603001765
13324,2777.6446802398887
13325,2767.7766075405525
13326,2549.5058917533897
13327,2402.6549820344144
13328,2444.6392500385073
13329,2079.301934320596
13330,2510.991170207683
13331,2182.6638252549383
13332,2878.3340781294614
13333,2103.1179104183298
13334,2461.312889729539
13335,3544.0814321268567
13336,2682.169647448838
13337,2518.4090182112013
13338,2232.9271466718305
13339,2727.4087932676807
13340,1921.6626346426488
13341,3441.442351648373
13342,2583.3840228190693
13343,3050.2626304382056
13344,2328.8553952893726
13345,2188.880431787493
13346,2763.2175178785246
13347,1807.7497877363176
13348,2559.1488542068146
13349,2611.8323800021376
13350,2420.336395952294
13351,2695.4651859554324
13352,2516.508134880013
13353,2626.2351926411707
13354,2721.1952991919725
13355,1967.8708977497129
13356,2005.6223263906718
13357,1851.1922298955403
13358,2254.591753974655
13359,2232.7010941605795
13360,4431.278095213933
13361,2751.0879498412232
13362,2851.873239306953
13363,2341.7623780993727
13364,3385.9975681659835
13365,3352.4436524101566
13366,3551.4472062707046
13367,3466.4754989745534
13368,2925.371666028205
13369,3250.9206668167208
13370,2644.0584004302505
13371,3345.356911703574
13372,2506.33994478577
13373,2240.960469320706
13374,1859.5806122972635
13375,2842.270448279869
13376,2115.725832554324
13377,2432.7464916695208
13378,2166.815431116237
13379,2733.0916665582467
13380,3825.4831103144716
13381,2081.1887285027265
13382,2624.859519966969
13383,2512.872733037551
13384,3034.542523477964
13385,3915.8262958430532
13386,1910.8122645539327
13387,2821.4495080858405
13388,3039.3717611557613
13389,1923.5474503632095
13390,2655.30074228343
13391,1982.9245820999647
13392,2219.1194477740946
13393,2135.096928822626
13394,3097.7515724756863
13395,2709.4450356679745
13396,2377.3569543236595
13397,2161.2662434550825
13398,2882.929785338986
13399,2980.055501765736
13400,3504.2387661281296
13401,2189.599168432669
13402,3340.7129031378417
13403,3744.258817832887
13404,2188.272674469806
13405,2406.4502924302474
13406,3385.6611020548044
13407,3256.740238833673
13408,2770.685204665204
13409,2206.1859242441233
13410,2254.0615405159438
13411,1870.00777223445
13412,2191.8485498496766
13413,3321.4340017509567
13414,2741.658720110944
13415,3827.073732038144
13416,4166.394200699817
13417,3246.2178313154627
13418,2083.2721244177696
13419,2075.9851885763437
13420,2098.2883173389387
13421,1987.3750764138144
13422,3147.550298547866
13423,2301.0141146781034
13424,2009.770338147836
13425,3200.1440538596644
13426,2787.3623589034705
13427,2592.964742199679
13428,2354.23321781853
13429,2613.2963707746862
13430,3092.7604269803796
13431,2570.379887717794
13432,2216.4334894482163
13433,2120.708278187799
13434,2356.7255504187297
13435,2522.39279186398
13436,3518.6270236785867
13437,2218.5718372253546
13438,2125.460778446648
13439,2528.5550086062913
13440,2470.267531597951
13441,2544.7005821169287
13442,3299.4587073636085
13443,2386.0291122872623
13444,2626.5384147423774
13445,2877.2742115219426
13446,2222.1326859671
13447,2606.198632576893
13448,3381.09240027992
13449,2853.8370739489055
13450,3294.5412153917528
13451,2292.2779609146655
13452,2999.715824628164
13453,2555.695833975406
13454,3006.4612541163838
13455,1972.596312702357
13456,2450.598090724024
13457,3008.2133280905828
13458,1874.8418924880434
13459,2059.8437101333607
13460,2596.438156483425
13461,1893.2062298444162
13462,2964.9112182252984
13463,1985.7819308552694
13464,2090.7621692287094
13465,2260.165745142727
13466,1868.5563548194687
13467,1860.185591071078
13468,2001.3245097324261
13469,2670.4839204491905
13470,2950.001888616497
13471,3346.267835272344
13472,2065.275190827779
13473,3295.454304723508
13474,1996.1189906317068
13475,2613.1776071720797
13476,2751.8422850054853
13477,2437.7437425246285
13478,3334.02940423324
13479,3551.0117078539006
13480,2015.831672660563
13481,2113.3810283044522
13482,2537.5512528985128
13483,2487.6496088145295
13484,3016.946598493758
13485,2950.306196734432
13486,1681.6866779189097
13487,3596.345801108899
13488,1891.863802466165
13489,2287.8162051953445
13490,2208.329754581639
13491,2199.1877604305096
13492,1874.7719930239914
13493,2283.392377868081
13494,3160.272264296279
13495,2077.0620193585
13496,2750.4613989121226
13497,3057.7130830442306
13498,2701.4273291834484
13499,2652.3037129055956
13500,2876.276150409086
13501,2239.3632574207604
13502,1899.3402204846975
13503,2327.479249634973
13504,2195.5010983018083
13505,2136.043912893653
13506,2129.194567746824
13507,2223.9760624866817
13508,2578.1949518460406
13509,2686.898454707486
13510,2218.798134824011
13511,1814.8775038398903
13512,3874.165881026771
13513,2948.42689375792
13514,1902.0426763945247
13515,2409.3332648291976
13516,2313.1687497033236
13517,2094.8210596680246
13518,2482.886643012308
13519,2240.017382994298
13520,3790.3042629266465
13521,2881.785511793015
13522,2196.7597219585814
13523,1502.6992068474165
13524,3246.4449875918535
13525,2472.206926667059
13526,2194.607834262815
13527,2404.0238906756967
13528,2331.363388668959
13529,2155.8213297953007
13530,3631.7942172061016
13531,2248.452501693412
13532,3733.6761866857505
13533,2859.962200015217
13534,1860.900438091613
13535,3027.0701913195953
13536,2673.381469273594
13537,2497.8345300267865
13538,2158.9801752775193
13539,3183.1160774427526
13540,2599.941063274362
13541,2421.928705299212
13542,2009.609160761329
13543,2615.6676031655807
13544,3108.9345676847
13545,2724.409879632132
13546,3341.5689444488107
13547,2042.6523621524311
13548,2399.8136577041937
13549,2096.832709399488
13550,3613.1449403231436
13551,3485.5963566958885
13552,2198.6281999202265
13553,2899.227504911513
13554,1979.084299086614
13555,3040.898666706328
13556,2631.117344049435
13557,2100.125601152209
13558,2024.4030930100519
13559,2516.187872100945
13560,4103.836281218964
13561,2016.4508103353296
13562,2298.4813401606443
13563,3345.7276747703363
13564,2174.7925318487532
13565,2556.645034785438
13566,2769.1900935881213
13567,2394.770541064784
13568,2673.0213446525077
13569,2033.4625561187838
13570,1966.5298438525367
13571,2507.26019537562
13572,2307.579276682355
13573,2022.3282396877655
13574,2120.9839320675783
13575,2292.7691004030894
13576,1893.6811873196257
13577,2009.567546749302
13578,2450.244703558991
13579,2083.522666398354
13580,3230.251764405902
13581,1843.607269331748
13582,2268.9622335353406
13583,2199.527977204771
13584,3306.4760232937333
13585,1996.3905676433608
13586,2864.7033671168338
13587,2309.603690992566
13588,1834.2870211610398
13589,3273.250030336948
13590,2515.817367881834
13591,2240.5758559599053
13592,1974.6402335816724
13593,2506.388328661341
13594,2219.9417121894217
13595,2443.4550277020485
13596,2076.7590747136237
13597,2150.810725006373
13598,2077.6612077031277
13599,2405.908913897065
13600,2532.725276140225
13601,3289.0596825063467
13602,2099.3621938075544
13603,3567.1623771770237
13604,2943.082421279081
13605,2012.7549843850088
13606,2414.89290883978
13607,2017.23172480508
13608,2600.006294787754
13609,1989.0253297588151
13610,2777.638065809727
13611,3585.7605104191543
13612,2266.889310619623
13613,3289.8477834343385
13614,3028.695467287106
13615,2652.0126171242646
13616,2794.0113865846515
13617,2878.0858119751633
13618,2386.1012503432416
13619,1961.279778134221
13620,1950.4892350818022
13621,2778.222858637892
13622,2698.942600117466
13623,2429.598788403948
13624,2626.8663904573923
13625,1926.810801018236
13626,2247.3267428369295
13627,2533.7621302856414
13628,3571.419285930555
13629,2208.3794727680447
13630,2522.2225837063593
13631,2956.3993386784496
13632,1866.6680788461008
13633,2767.773101552508
13634,2694.892705687125
13635,2436.552686821722
13636,2907.1097575153617
13637,2778.0202755376235
13638,2481.117240257824
13639,2908.8254878107655
13640,2360.0708732328862
13641,2273.037625570234
13642,2424.625806789423
13643,2299.390543478167
13644,2747.4293431213273
13645,1881.6566619426694
13646,4050.195511414649
13647,2905.202839256988
13648,2824.8772205312016
13649,2047.6260298473576
13650,2700.656374632028
13651,2080.958111490295
13652,2569.140750552815
13653,1406.433838308194
13654,2078.720718448792
13655,1883.17610144891
13656,3253.53178730648
13657,1973.4770250373977
13658,2152.646819861028
13659,3415.962333273489
13660,2524.0895433007736
13661,2399.9522798212715
13662,2047.064605401256
13663,3593.4661045279854
13664,3219.7619267529244
13665,2191.3586912046176
13666,2018.7168137750016
13667,2915.325734725711
13668,2149.8389228021097
13669,2954.4035119676455
13670,2602.4927748570763
13671,2590.6945750158634
13672,2198.8701446577666
13673,2508.3301203157534
13674,2112.977339102541
13675,3106.6246615306404
13676,3153.8837008652836
13677,2354.0771963572643
13678,2860.4945165237204
13679,2642.217803941263
13680,4047.3234806676055
13681,2190.083988198777
13682,2343.4992547732963
13683,3058.186438585615
13684,3244.9171247415243
13685,3219.261299576336
13686,2919.3063538798415
13687,3675.3496327841453
13688,3359.93133515157
13689,2974.54627788629
13690,2684.8725545295324
13691,3040.0709779527388
13692,2317.15619242009
13693,3083.804512260367
13694,2489.3594906120206
13695,3302.2513035169404
13696,2560.0919665404954
13697,3726.0146929572825
13698,2041.5081903300352
13699,2363.666258925813
13700,2289.0558616838407
13701,3561.4610354422725
13702,2159.5509012941498
13703,2017.1249826895169
13704,3150.8205647223413
13705,3222.947955432346
13706,2378.8674471525737
13707,2011.7398569799495
13708,2341.7044203619307
13709,2221.036759155289
13710,2550.12002392162
13711,2136.632734818626
13712,1752.9417646371332
13713,2652.5387205656916
13714,2473.6521143334653
13715,2479.5789509572837
13716,2067.5745546446096
13717,2816.3198807431972
13718,2183.584352473654
13719,3292.1045810110477
13720,2344.192045454797
13721,3580.733526253837
13722,2858.4856251220936
13723,4381.2335334855625
13724,2470.1488431426606
13725,2397.1274432332066
13726,3454.094444180591
13727,3051.6326795166024
13728,2147.4756067682415
13729,3389.3292708392755
13730,2223.058799589613
13731,2395.213141478155
13732,3642.3848767813456
13733,2912.8214886158657
13734,2512.527964903098
13735,2829.0104502448416
13736,3511.4264733292584
13737,2143.9988985721875
13738,2201.3591570982658
13739,3584.255112806308
13740,2079.0327473854113
13741,2069.9234068337028
13742,2164.4289846084566
13743,2684.521775746039
13744,2258.783458827719
13745,2526.7175013218284
13746,2946.472046205718
13747,2122.864660297072
13748,2454.632387277089
13749,3389.218576749
13750,2844.9440399713762
13751,1976.003582364397
13752,1931.2524497507839
13753,3100.1863182034276
13754,2894.8742499302657
13755,2663.539306870126
13756,2252.7302417793408
13757,2210.2371000089097
13758,2398.5522876811765
13759,3710.458698150866
13760,2915.5253366245015
13761,3052.190856273416
13762,2437.664599476132
13763,2923.0116998240683
13764,3082.399539454037
13765,2264.4713642157285
13766,2913.120975536138
13767,2063.814657275033
13768,2528.197075026455
13769,2565.7234293827764
13770,3766.2332871389494
13771,2270.8592370977954
13772,3283.7900107409823
13773,2950.2812146599335
13774,2534.966710306636
13775,2675.122606240647
13776,2869.878795613792
13777,2170.6198800452867
13778,2072.7044588762983
13779,2258.106477801344
13780,1859.0173759141771
13781,1970.6180231601136
13782,3323.5518387002053
13783,2474.3499448910716
13784,2933.641516385002
13785,3562.9319247819362
13786,2814.4616209220194
13787,2625.8656490808394
13788,2126.597007993165
13789,3025.196230972618
13790,2351.937401431292
13791,2200.9121059483223
13792,1826.665342116481
13793,2703.888342182388
13794,2642.160946072411
13795,2562.134345810195
13796,2137.3619779528253
13797,2877.510991089775
13798,1988.1923971929318
13799,2661.5068985187836
13800,1878.022914865274
13801,2840.182252236359
13802,3074.3000200398046
13803,2718.1050053034432
13804,2418.645327341101
13805,2088.0927593283104
13806,2811.1981661517666
13807,2587.1004622384457
13808,2613.296623989204
13809,3238.708813963341
13810,2350.713998418462
13811,2565.417139624196
13812,2748.4838266906436
13813,2419.884285802053
13814,2622.1958459058833
13815,2471.815793323075
13816,2777.423820530941
13817,1993.5617327098153
13818,2252.2616556540897
13819,2673.2311727305296
13820,2394.043928594967
13821,2572.611349854871
13822,2725.124843280989
13823,2765.3905686957933
13824,1661.6795276855335
13825,2095.553118153926
13826,2158.3778884599697
13827,2039.1050475760849
13828,3264.0044867422484
13829,3254.899639256816
13830,2292.15923536637
13831,2958.083340715698
13832,2503.9826277816774
13833,2221.879634684434
13834,2110.8613790973154
13835,2382.0861033808937
13836,3318.693226276916
13837,1809.2089113084144
13838,3660.991113219235
13839,2279.311929387275
13840,2145.96254132957
13841,2596.520424690486
13842,3123.355585035296
13843,2721.561887305469
13844,2747.3342809008122
13845,3019.9109456097167
13846,2132.4405847673497
13847,2896.938103852407
13848,3046.6631086733278
13849,2930.2544974476623
13850,2385.299959485655
13851,3072.1824320515416
13852,2712.6715710149174
13853,2468.8819349847913
13854,2793.9133597226837
13855,2775.7738523672547
13856,2264.231319447275
13857,2751.820078209994
13858,2641.2768864327945
13859,2288.060561188615
13860,2870.3984075328462
13861,2353.303713994744
13862,2385.454435845553
13863,3699.236343392474
13864,3421.286337238065
13865,3490.1303613564496
13866,2279.7984318931813
13867,2174.79182686744
13868,3434.7404624683704
13869,2287.19147130433
13870,2235.2601304717236
13871,3603.621481279175
13872,3584.198578843623
13873,2624.595807748322
13874,2103.995472239242
13875,2814.180725836648
13876,2127.1464313999877
13877,2387.427631247416
13878,2284.522401450845
13879,2868.3285898155336
13880,2062.7912635580187
13881,1778.612223346462
13882,2437.3305036377023
13883,2475.258919138986
13884,3316.3328618662836
13885,1905.8027548406553
13886,1882.3137659111496
13887,3121.2249459471614
13888,2229.437706961351
13889,1901.1686044576109
13890,2449.404408865786
13891,2388.878678403014
13892,2231.0011387724335
13893,2759.290172643975
13894,2464.431447720629
13895,2637.4108594177605
13896,2386.4279806343266
13897,2375.0979045602016
13898,2184.626861580625
13899,3338.343070424084
13900,2874.4985708915215
13901,2675.457822017225
13902,2928.059657734844
13903,1765.298484407098
13904,2236.0814753883433
13905,2406.243431838756
13906,3193.0310664747863
13907,1999.9051790196286
13908,2507.592569064399
13909,2436.6353967472573
13910,2258.350488984621
13911,2434.815476548576
13912,3016.1549840103507
13913,3523.9910907021117
13914,2893.488598321138
13915,2910.7889454199517
13916,2453.849182968336
13917,2119.4908173744616
13918,2470.1950010788732
13919,2866.143059396846
13920,2268.2910512241165
13921,2544.7726273683747
13922,2865.91244133712
13923,2803.131845672995
13924,2699.1755900574885
13925,2737.991597081662
13926,3023.762297905072
13927,2119.7356052398
13928,2665.655212260105
13929,1898.7750163045484
13930,2135.469585079899
13931,2189.5950568078615
13932,2801.6116913433048
13933,2145.5763402990783
13934,2423.1612925474724
13935,2038.289877584597
13936,2259.885994594786
13937,2865.946266252243
13938,3086.703294777247
13939,2664.418001578364
13940,2223.531299865842
13941,3069.617655242294
13942,2357.8411456169783
13943,2438.6201191236737
13944,2878.5192347345237
13945,2510.9362934846677
13946,1883.4258990074934
13947,2386.9517003231126
13948,2384.3605795783915
13949,2620.236644308166
13950,1874.826741334686
13951,1878.068791253966
13952,2816.410504961209
13953,2580.5933945169704
13954,2779.8771034828746
13955,2632.6817080728924
13956,2863.2369906307313
13957,2555.0724846783805
13958,2167.778315946211
13959,2152.0323123376675
13960,3464.642087098615
13961,2131.17391328924
13962,2455.374899297788
13963,2601.4020990540857
13964,2059.332169549791
13965,2860.3844360016133
13966,2019.474829302442
13967,2217.542464865275
13968,1902.4650283147284
13969,2408.1333008619104
13970,2820.110781268889
13971,3021.4505130077864
13972,2653.2960690435393
13973,2942.0579050615224
13974,3354.8781379896914
13975,2196.805792868957
13976,2527.7345787857607
13977,2483.1233086389157
13978,2151.993664992764
13979,2395.9193182633826
13980,2683.1245935490165
13981,2742.350012630836
13982,3257.5236813413494
13983,2307.357551430583
13984,2211.608264266608
13985,2890.1486609589465
13986,4151.8571049042785
13987,3433.015396980106
13988,2175.1389897497365
13989,2316.888350576571
13990,2086.697641257986
13991,1955.8892878993256
13992,2072.380259437523
13993,2404.2094450736377
13994,2659.036142612446
13995,3614.5180666221568
13996,3259.556859164286
13997,2711.3572280271474
13998,2823.0113123004703
13999,3727.659068288628
14000,2313.0615707832167
14001,2167.268796078434
14002,2116.3559259964863
14003,3058.280555794284
14004,2587.315629999294
14005,2274.394113659626
14006,1930.088439307234
14007,2957.620357168288
14008,3124.0076538382864
14009,2083.461769740413
14010,2261.4235932170377
14011,2478.693854292217
14012,2969.282845420409
14013,2511.860502114919
14014,2504.552666967537
14015,2167.6110147092913
14016,2267.7858082257585
14017,3126.034170743583
14018,2653.787836291769
14019,3924.6179069196264
14020,1796.8829696701703
14021,2415.338005540925
14022,2810.496667033281
14023,2653.8437789505774
14024,3209.3829421658775
14025,2761.1816455900102
14026,3633.0150002563055
14027,2524.225206437361
14028,2715.5144204951584
14029,2590.9176621940424
14030,2856.739305874353
14031,2471.7968653398884
14032,3064.5882028565256
14033,3190.5674006264417
14034,2159.988412186396
14035,2652.198194077885
14036,2085.780292042058
14037,2890.652406135792
14038,2581.798386957678
14039,3324.7769290311876
14040,2127.984428473873
14041,2165.492926254894
14042,2737.0545377872213
14043,3473.1544703002846
14044,3163.6196835769333
14045,2791.5036414773126
14046,2136.3119094451863
14047,3386.8869808275495
14048,3239.61541303274
14049,2317.174640281688
14050,2058.7450985892265
14051,2412.800544068751
14052,2657.5782903912677
14053,2276.2711576961638
14054,2064.7180033498225
14055,2586.2784017253716
14056,2061.7824926025937
14057,2904.7201012931005
14058,2554.088235655887
14059,2242.8321823235956
14060,1444.5380103906407
14061,2024.5657931855294
14062,3027.3396821228553
14063,2762.424633798897
14064,2019.074216540615
14065,2865.0032719692463
14066,2291.5969299772064
14067,3052.7698337375164
14068,2064.6933541702665
14069,2157.989662649919
14070,2169.6968624872484
14071,1706.2688354847096
14072,2409.7614610770934
14073,3712.755019281672
14074,2718.655714016929
14075,2327.7257115465345
14076,2789.398548974521
14077,2698.937337447541
14078,3267.011605134667
14079,2067.4675340516037
14080,2080.3676126502432
14081,2208.2831327469517
14082,2286.207162434079
14083,2312.3085277259524
14084,2667.2964241733835
14085,1864.370482670008
14086,2023.991131773636
14087,1817.691350325209
14088,2745.059609913356
14089,2774.2839140091683
14090,2494.864891904125
14091,2438.768817072943
14092,2501.485336140499
14093,1849.4202445399
14094,2520.1311242937554
14095,2543.786507417679
14096,3148.0432040766545
14097,1997.1096462800797
14098,2620.013562271568
14099,3059.9521095854443
14100,2561.448795804541
14101,2283.345083637598
14102,2894.333072606925
14103,2422.447533132872
14104,1928.5265379050088
14105,2684.2254098815956
14106,2394.3232733948425
14107,2934.0279367737253
14108,2524.9658086442314
14109,3232.2180728486737
14110,2744.8299089604416
14111,2502.936371180641
14112,2700.5705759128377
14113,2811.2602890811604
14114,2238.944389414794
14115,3006.695371673688
14116,2692.0432991695343
14117,1981.8833278428424
14118,2273.453933262085
14119,3405.879438720961
14120,2483.1142275003253
14121,3172.4083242868746
14122,2222.885261871253
14123,2187.239269015685
14124,2653.320169181665
14125,2487.2762579391683
14126,2554.467560618905
14127,2875.751893534237
14128,3352.9606446306498
14129,2131.3510765460805
14130,2577.429736561885
14131,3006.0071957700834
14132,2075.318892914611
14133,2842.021480207276
14134,2149.4030698370743
14135,1766.2977139800723
14136,3145.12311310672
14137,2501.255447173344
14138,3487.1365028249793
14139,3275.8537896942757
14140,3185.9599517943116
14141,2401.8331426763943
14142,2208.0186100268543
14143,3171.367611471809
14144,2521.987175897726
14145,2572.89234809986
14146,2201.16203162779
14147,1518.3136630700433
14148,2440.565470188306
14149,2268.388097259553
14150,2848.6781622331573
14151,2343.117093058482
14152,1574.5446850602166
14153,2555.2918965609606
14154,1853.0007365186138
14155,1822.3719119123712
14156,2980.305740573317
14157,3552.249150661195
14158,2663.2348295909514
14159,2996.6879770491905
14160,1985.1844584458918
14161,2236.7867328932016
14162,2913.441518147602
14163,3065.5758908477937
14164,3374.995764999856
14165,1857.7144263258547
14166,2633.4802936617607
14167,2650.0224666416652
14168,1918.4968886525921
14169,1830.0629758790146
14170,2115.3132419750864
14171,2289.2431267981196
14172,3097.231966410845
14173,2976.3746147808424
14174,3095.1895289252834
14175,3222.3976451246663
14176,2023.1008937808665
14177,3985.291090396629
14178,2154.2558634467296
14179,2325.2352695948043
14180,2295.742941009231
14181,2557.90763953037
14182,2410.626896332286
14183,2750.1543548131776
14184,1986.6725183595763
14185,2038.5251390169533
14186,3188.015186506525
14187,2287.9987461848436
14188,2126.8107341913365
14189,2075.620271881645
14190,2418.7561734305527
14191,2711.757212953852
14192,2498.636262201453
14193,2527.836436091263
14194,3377.5222550860685
14195,2746.782766776082
14196,2239.3320895986526
14197,3117.4403008390436
14198,2426.7338024808423
14199,2085.612589232481
14200,2146.947977531035
14201,2060.913353780272
14202,1710.0247206259287
14203,2237.2047812039527
14204,3335.6287854873917
14205,2018.4605324859713
14206,2882.4299120687615
14207,2413.342648166681
14208,2697.5443209493415
14209,1876.6676164454618
14210,2508.5169015812253
14211,2436.1304930580914
14212,2660.208344915454
14213,2315.382588847522
14214,4043.4116899429146
14215,1924.743066976905
14216,2394.394239153755
14217,2201.3561845057616
14218,2558.5076451759683
14219,3007.3582268619166
14220,1931.1189141084828
14221,2334.313282191565
14222,2396.031527473783
14223,2711.9943160782755
14224,2225.590689205968
14225,2703.2275982164456
14226,2896.3217382850244
14227,1845.043967407059
14228,3004.010111730168
14229,2762.312563449188
14230,2864.05989022226
14231,1904.2996860083886
14232,2274.758616070972
14233,2503.520456008129
14234,2826.160661629964
14235,2978.8956371290315
14236,2278.945977453961
14237,1842.1874855458836
14238,2836.315967447785
14239,2502.6503618594916
14240,2836.567052418339
14241,3050.1472064247064
14242,2232.8498681946758
14243,3179.4358059956267
14244,2321.251221376842
14245,2628.5248267206534
14246,3025.4135495172413
14247,1995.8389785415848
14248,2474.1736521418834
14249,2409.146694551804
14250,2788.386120769177
14251,1846.442652141222
14252,1984.8734271667042
14253,3351.610379803751
14254,2485.8076446267737
14255,1884.5375383711084
14256,2230.5367487479366
14257,2257.88110489305
14258,3049.023021239156
14259,1816.313369266547
14260,2822.408713458394
14261,2193.857478628341
14262,1863.7749211587584
14263,1853.3823647571817
14264,2335.792262014008
14265,2366.105053145664
14266,2549.7179229532767
14267,2511.775925313079
14268,2578.469711444815
14269,3406.903635837203
14270,2783.829767456304
14271,2242.901660362536
14272,1378.7181983650926
14273,2463.177846109956
14274,3189.2544946770204
14275,2011.5953998690575
14276,1864.2076806049217
14277,3479.2752675528836
14278,2298.1134578141973
14279,2038.52504495121
14280,1902.7105239034195
14281,1961.9816483429508
14282,3106.4054440769924
14283,3450.91959286587
14284,2287.9051853166766
14285,2114.264575371958
14286,2316.957146693508
14287,2577.5118545803625
14288,2870.528837035168
14289,2436.534851227773
14290,2942.2111071599875
14291,4052.525295307366
14292,2408.557596098285
14293,1848.2838547682527
14294,2542.857538076834
14295,2639.341633382106
14296,3318.5529741027667
14297,2769.552687401393
14298,2047.9671829104068
14299,2186.4127485258878
14300,2293.843753947118
14301,3521.636230020345
14302,2124.2546964966823
14303,2147.300502685196
14304,1937.5808077196218
14305,2455.2704057578785
14306,2688.182061197381
14307,2209.8761497782175
14308,2283.661702388689
14309,2496.0877307866494
14310,3122.8710467316077
14311,2573.4467196606993
14312,3628.9985688612005
14313,2523.9717107233378
14314,3571.041603486491
14315,2271.007833279976
14316,3645.5287122298664
14317,2351.431541992821
14318,1952.7806627835084
14319,2627.53106671424
14320,2689.791751151191
14321,2655.751016325962
14322,2198.058497739242
14323,2184.828539213556
14324,2679.5199953748233
14325,2041.8246191308738
14326,2055.5065463251162
14327,2831.4124202573266
14328,3233.6288701446374
14329,2273.222743208189
14330,1912.2304220575543
14331,3059.2684179888192
14332,3037.121380810503
14333,2520.162918800153
14334,3489.876661626219
14335,2943.8472716672927
14336,2284.299967695948
14337,3680.1864592225406
14338,2314.5137399423593
14339,1977.9663044624904
14340,3798.9596567696562
14341,2191.5963411171247
14342,2468.2171866783374
14343,2503.8751561377135
14344,2376.8678526613253
14345,2574.6606078996947
14346,1997.7174271010817
14347,1831.7334370276762
14348,2625.0270607973125
14349,1970.7726444341147
14350,2501.6644054989424
14351,1980.3294852888062
14352,3074.446104352663
14353,2992.7782908672953
14354,2541.4897437455447
14355,1966.660300093788
14356,3431.100577751178
14357,2107.7012775012545
14358,2731.792106794998
14359,2444.094965979841
14360,2131.505092413876
14361,3058.417429482295
14362,1949.4936805726156
14363,2246.4757751864126
14364,2492.099766004262
14365,2279.7326496024834
14366,2601.921634440332
14367,2770.1688670603507
14368,2160.08208908463
14369,2065.3247347569495
14370,2152.406118383031
14371,1720.7800070474455
14372,2563.550348608708
14373,2131.9703558468273
14374,2152.7404629021667
14375,3499.8133186589343
14376,2282.661628467317
14377,2853.153598486372
14378,3360.4322415236115
14379,2111.147019973421
14380,2023.2275149256066
14381,2209.4555267836085
14382,2931.195227364092
14383,1883.8847450672529
14384,2186.052546758134
14385,2045.6612410584894
14386,1966.613901916184
14387,2537.7873931138283
14388,2619.646588279107
14389,2675.236161984383
14390,2201.9220434548083
14391,2627.9540435005047
14392,2074.752286850682
14393,2271.1527379929585
14394,2691.184709499492
14395,2594.271596754256
14396,2274.834170774174
14397,2408.3247860748625
14398,2177.9562882991654
14399,2341.299278211659
14400,2113.100528152663
14401,2452.8944963989024
14402,2413.481584327067
14403,2430.0720179815135
14404,2496.1554708261597
14405,1716.2888089586263
14406,2266.1095458905165
14407,2463.785220208032
14408,1784.5873656958656
14409,2912.898159512186
14410,3343.820111317133
14411,2502.500217301741
14412,2581.869098822535
14413,2356.9690827276872
14414,2438.585410657703
14415,3202.984947259181
14416,4320.706549222502
14417,2109.0077960544177
14418,2214.990415119331
14419,2466.1430515595544
14420,3204.212430239475
14421,3371.466701617879
14422,2189.9164592783072
14423,2301.2224385344425
14424,1910.4112728380965
14425,3095.9609202836027
14426,2669.62611401292
14427,2908.706724647852
14428,3928.693104364551
14429,2587.738406635979
14430,2483.6346801386317
14431,2728.147139145313
14432,2758.1146275674814
14433,2171.1415278117865
14434,3209.951060828832
14435,2547.252721464827
14436,2030.7553177674208
14437,2660.3148567703315
14438,3047.4725620148165
14439,2196.9938723525256
14440,1954.190355000599
14441,2620.445929717573
14442,2574.233788623923
14443,1931.4480452324983
14444,2111.8817270912896
14445,2664.389975936687
14446,2573.245664392628
14447,1882.734718346056
14448,3013.7253000707105
14449,2507.1324422918724
14450,2230.133603283867
14451,2145.216741526393
14452,3199.3296043645096
14453,2637.7267351694045
14454,3098.412887527208
14455,2549.2349413076836
14456,2773.3674326963364
14457,2411.317196306867
14458,2213.217003435331
14459,1961.821615364986
14460,3648.3776403295687
14461,2118.405987681059
14462,1810.7271733223135
14463,3246.447530359984
14464,2242.800726884629
14465,2600.9975476813506
14466,2354.4540250752902
14467,2139.787541618967
14468,2591.74619079326
14469,2517.040717149337
14470,1873.6260557305277
14471,2676.7384996731626
14472,2283.0229198536103
14473,2928.852326965416
14474,2585.143035590155
14475,3762.111453391353
14476,3462.6150891236216
14477,2360.858628329871
14478,2454.9875191628325
14479,1901.3313158851242
14480,3578.053695845734
14481,2568.6884337080483
14482,1661.7504568619993
14483,3484.544888584068
14484,2579.1073343552657
14485,2137.7172445588208
14486,4109.760267312328
14487,2569.5661333827393
14488,1775.2001223766938
14489,2323.4607941736535
14490,2375.821043112284
14491,2299.8836387200686
14492,2511.9946508282296
14493,3487.419176905503
14494,2134.126512566254
14495,3546.981911152906
14496,2039.9014111602605
14497,2571.0535332837444
14498,3622.6880721818065
14499,2154.7487911866783
14500,2664.8141952662822
14501,2280.836337056333
14502,2367.4346548583267
14503,3190.6209234285516
14504,2074.168185391336
14505,2057.445114635756
14506,2973.3971915014563
14507,2190.765496842414
14508,3723.9583333372716
14509,2927.738708381963
14510,2466.1207807115406
14511,1878.9166500884714
14512,2210.2530558174963
14513,1894.5278532673487
14514,3239.0503778381863
14515,2421.4955342181624
14516,2190.046948699441
14517,2549.172652635919
14518,3136.4568631213415
14519,3480.1396839695444
14520,3584.264206347855
14521,2267.888532395182
14522,3194.1849201258515
14523,2086.4959991112582
14524,2796.672151784191
14525,2482.9535010968893
14526,2493.314851327547
14527,2865.0845804793016
14528,2299.39679904075
14529,2406.2903340718226
14530,3754.523875622758
14531,3662.0398790652807
14532,2365.078735410084
14533,3634.573382003634
14534,3423.5142474008526
14535,3321.4934914900596
14536,2335.556532367372
14537,3203.448816695456
14538,2307.5953316467812
14539,2217.05351930642
14540,2633.8132797464013
14541,2238.1554042258435
14542,2786.501143214149
14543,2751.042453382519
14544,3317.7076406184024
14545,2790.1526958433187
14546,2044.621910499539
14547,2341.926558329575
14548,2529.4335492842924
14549,2025.5421349905414
14550,3008.8614151871716
14551,2674.7824523813506
14552,2342.264424882609
14553,2151.572705863794
14554,2272.885568927055
14555,2063.3144322401486
14556,2992.5428338483493
14557,3353.3207682978737
14558,3357.887793747507
14559,2798.6871134084886
14560,3359.4939530829215
14561,2082.4141017046563
14562,2716.2230620629985
14563,2725.6738351148074
14564,3575.547985318184
14565,3212.6573798583267
14566,2433.746087834609
14567,2328.6670351257126
14568,3010.9775268517606
14569,2439.273540933049
14570,4699.28601051254
14571,3147.5216892060025
14572,3400.1459551026624
14573,2586.2170789685197
14574,2882.0839975047734
14575,2954.5545464777188
14576,2287.2917042658655
14577,2607.7240981240275
14578,2626.039618026467
14579,3467.2156508661647
14580,3284.291399597996
14581,2057.492619630022
14582,2057.2052712659943
14583,2568.68021291878
14584,2382.105639998589
14585,1570.851874549409
14586,2359.5818609222024
14587,1900.7425675503778
14588,1877.8115978298217
14589,3377.310868486705
14590,2691.6330554826864
14591,2024.840988236549
14592,2145.115686854044
14593,2337.246281516759
14594,2451.6210243750984
14595,2329.912550421191
14596,3009.9231236189326
14597,2534.620949206032
14598,1797.3594122746488
14599,2484.959371533874
14600,2255.653598944117
14601,1965.6958821384014
14602,2533.868685932522
14603,1893.913881148561
14604,2205.724266479648
14605,3182.947136045659
14606,2978.3717068190736
14607,3325.693833057222
14608,2355.0369757066287
14609,3433.0379774714766
14610,4183.390401524378
14611,2720.813862925782
14612,2090.239067430083
14613,3935.182790325899
14614,2667.5083779563975
14615,1990.9589883286305
14616,2728.1848767366782
14617,2251.245211489028
14618,2329.976527898545
14619,2415.8683795348497
14620,2243.7338471497055
14621,2308.298419646708
14622,2127.698594340987
14623,2377.9405018753732
14624,3176.8413178689934
14625,2796.63796775627
14626,3228.3502464372423
14627,1877.5724675306342
14628,2628.6790167274203
14629,2684.336701033878
14630,2396.5964567315286
14631,3420.4519100745
14632,1959.7855831051274
14633,1742.6477993872538
14634,2766.108752319411
14635,3895.8398167765
14636,2063.9342729483124
14637,2248.7556235114926
14638,2636.3987844607077
14639,3121.505660807102
14640,3322.6570592066823
14641,2097.5847936305054
14642,3542.0462998352714
14643,2655.464421369964
14644,2466.363276180553
14645,2717.8512319613264
14646,2411.270268867386
14647,1920.8652540555
14648,2159.019346965335
14649,3111.2206210031864
14650,2061.0095318387716
14651,2044.8472445840455
14652,2152.3251728723512
14653,3246.5313470339047
14654,1758.5505725783482
14655,1847.7388970501288
14656,3381.4014875440216
14657,2751.1559171474623
14658,2856.951037511657
14659,2081.272399257441
14660,2214.6023955770765
14661,2584.9889055994927
14662,2778.0873934227307
14663,2475.7678578236696
14664,2416.513651512336
14665,2076.79427396954
14666,3126.3190292089503
14667,2047.6442713001843
14668,2534.5374368700186
14669,2753.583083943431
14670,2174.164295683191
14671,2989.180280642609
14672,3436.2252137618366
14673,2827.31862695909
14674,2064.672208447724
14675,2291.619738831997
14676,2025.5312167812865
14677,2108.226760365188
14678,2074.2762948169197
14679,2946.1739655585075
14680,2260.251950882215
14681,2259.711755702539
14682,2588.108534836685
14683,2490.0421910499845
14684,3004.701354788538
14685,2465.8442159128667
14686,3364.848588286686
14687,3545.328503282811
14688,3404.1671462323748
14689,3906.1461857353943
14690,2200.105166901476
14691,2430.384170894431
14692,3272.588610595937
14693,3235.135813310042
14694,2807.61267409426
14695,3271.8227323660694
14696,2350.795378128446
14697,2368.479055715116
14698,2350.0436342168305
14699,2025.8214723954484
14700,3206.8889830354256
14701,1957.763335538383
14702,2785.10086662528
14703,2911.4434076281486
14704,2065.7380895115716
14705,2696.163033736065
14706,3458.669306616617
14707,3443.6754635809502
14708,3336.1850151393664
14709,2130.0220154074223
14710,2209.96529964111
14711,3598.6231351890483
14712,2163.640434465213
14713,2750.857261340883
14714,2575.9113161800406
14715,2441.360559083295
14716,2600.408254776262
14717,3029.4159382819516
14718,2308.5329031565843
14719,2564.3608473678178
14720,3200.0860365889403
14721,2508.029539893748
14722,2861.2273516880077
14723,2159.411774162082
14724,2503.8534587496474
14725,2471.981418139683
14726,1837.0205330416275
14727,2641.900546715922
14728,3018.8717917313684
14729,2997.321497601837
14730,2316.9823325187517
14731,2491.3506184513526
14732,2462.3569867526094
14733,1962.2852645692
14734,2779.727401734899
14735,3180.0846640982213
14736,2584.1007620434466
14737,2146.1415494386833
14738,2088.2797744276845
14739,2965.651131636798
14740,2390.2142285451273
14741,3071.2169571242293
14742,3314.293528403816
14743,2275.553123162148
14744,2124.5496861294505
14745,2953.1569643159164
14746,2290.8095449636994
14747,1992.323248636355
14748,3834.785860445845
14749,2050.415173294087
14750,2061.7241233437535
14751,2208.368630494006
14752,2478.3883791692433
14753,2595.3170078400817
14754,1958.7916866193252
14755,2100.489980072945
14756,4150.62401697467
14757,2739.2484093935855
14758,1927.5281870628992
14759,2704.6774074411187
14760,1846.1233946811847
14761,3171.318021077196
14762,2416.298135808177
14763,3406.3727308187163
14764,2756.7712538541
14765,2201.9569940605033
14766,2886.6187109549883
14767,2516.3872143435015
14768,2057.5157899056076
14769,2391.676153826219
14770,2387.992588441987
14771,2747.4525844498176
14772,2543.614375164379
14773,2120.5404634284787
14774,1824.6249046449825
14775,2372.778054509314
14776,3109.015159195155
14777,2901.972519611577
14778,2125.658735738195
14779,2276.1580375954527
14780,2641.8093067875525
14781,2323.3883607093458
14782,2323.565069209406
14783,2187.811867441912
14784,1963.0668936251398
14785,2396.0935116478086
14786,2521.661440793779
14787,2886.476738981452
14788,3319.2446104629453
14789,2720.897417658548
14790,3372.295882161966
14791,2366.2214413808742
14792,2593.5587785445805
14793,3176.817683294451
14794,3409.494944533347
14795,2048.4106260430826
14796,2217.871894859053
14797,2347.13406014302
14798,1945.7422245552152
14799,3092.107060755685
14800,2373.7502092983636
14801,2742.4326588079334
14802,3144.531613621023
14803,2548.352703220994
14804,2080.777546037773
14805,2854.9620694205705
14806,2324.4270397600376
14807,2054.235805581495
14808,2575.5603709685033
14809,3269.671199459174
14810,2195.95827508011
14811,2682.1680192372296
14812,2492.0394850775256
14813,2370.091954158296
14814,2588.4130866443966
14815,2950.684470698109
14816,3173.847467217726
14817,2870.8802929208387
14818,2458.838326491435
14819,2220.033132880704
14820,2689.2055273145443
14821,3426.3126927419103
14822,2317.9620939390534
14823,2535.6566888283296
14824,1825.035918075659
14825,2410.508181803153
14826,3602.722958279333
14827,2892.3628666816785
14828,2003.7211969456869
14829,4625.327742162912
14830,2188.6006789321295
14831,3537.3242151039904
14832,2406.6186033802664
14833,2601.1345809185523
14834,2418.877147232872
14835,2186.6971955616164
14836,2607.5552485866065
14837,3070.883606614957
14838,2160.08208908463
14839,2287.760141534676
14840,2007.7376594675302
14841,1864.9639456866494
14842,2748.901395565731
14843,2483.130132618402
14844,2235.108780144019
14845,3048.5406029991
14846,2055.864335650076
14847,3447.6110612122566
14848,2352.150972042292
14849,3186.6706316605623
14850,3081.5517993430835
14851,2516.133402154647
14852,2670.7188585568188
14853,2253.6412203296063
14854,2174.57122837562
14855,1880.8856129988235
14856,2189.820504115018
14857,2186.3091164279554
14858,2154.3650402991316
14859,1973.4770250373977
14860,2410.7249946248003
14861,1943.6280232534996
14862,2209.1726745825376
14863,1872.4847934979553
14864,2656.596043097673
14865,1882.5105178743136
14866,1858.3410866030567
14867,2087.845755248187
14868,4018.068557037026
14869,1871.4630322319297
14870,3450.021835138651
14871,2311.0913259193403
14872,3099.702649746736
14873,3979.4045801129855
14874,1950.5097410054286
14875,2094.683528441856
14876,3057.6984037060593
14877,2653.472131968806
14878,2565.9285843287253
14879,2689.7890221315283
14880,2113.182363978429
14881,1911.046362784457
14882,2302.985094336179
14883,3193.611700879859
14884,2604.069408368301
14885,2302.68870611894
14886,3030.5956558890834
14887,2863.5666598988846
14888,3147.0561129588614
14889,3114.8621491941344
14890,3461.5177325564837
14891,3315.108573535924
14892,2888.5046672246394
14893,2771.4432082542917
14894,2102.2141244510844
14895,2126.451215812398
14896,2321.2774252869763
14897,3202.1264022400237
14898,2214.01728961441
14899,3637.2935433107978
14900,2226.6283282114473
14901,3105.00475329872
14902,2134.5351808228625
14903,2661.9744582113326
14904,2490.1905217194894
14905,3079.11591701266
14906,2723.1294876184984
14907,2450.936497442122
14908,2138.934417086294
14909,2137.1021579659564
14910,3747.3000738782343
14911,3276.9942720184413
14912,2495.8675198552446
14913,3628.8304141144663
14914,2779.959922185679
14915,3137.1441118171715
14916,3190.464496174608
14917,2092.7031464354986
14918,2142.0800432979213
14919,3018.852999930451
14920,2458.307439642216
14921,2275.8357648627784
14922,2572.2835070471765
14923,2375.75479486795
14924,2642.3599119522014
14925,3051.2503470418533
14926,3299.433581861475
14927,2900.260695292463
14928,2409.374044477069
14929,2620.136803097107
14930,2021.526020930101
14931,1813.8897962129051
14932,1956.8967333090322
14933,2246.144405306562
14934,3215.8700189474066
14935,2985.2718329776585
14936,2185.7479351016345
14937,2046.0278077277126
14938,2674.081736874321
14939,2160.8389765198167
14940,2461.361282406725
14941,2540.0457777604415
14942,1820.8600060827803
14943,2573.800478131072
14944,4539.700223049991
14945,2918.5350429976243
14946,2596.8189482812304
14947,3081.0932907648835
14948,2969.0382573242737
14949,1942.785456439428
14950,1908.3760328873057
14951,2633.895950457252
14952,2553.182067783805
14953,2394.4535635526186
14954,2229.900448340117
14955,2788.7426028717136
14956,3612.2834142188676
14957,2166.1059829630562
14958,2275.8991022211126
14959,1986.758535212426
14960,2917.111953806514
14961,2024.0032869906183
14962,2095.685719373442
14963,2573.4965143190857
14964,3650.411460581736
14965,4317.794266231654
14966,3738.864607071858
14967,2371.526254059913
14968,2483.367283972697
14969,2703.4259016078486
14970,2970.4446014051473
14971,2543.3000027944695
14972,2102.9270670674114
14973,1769.0438065019248
14974,3636.1356470933456
14975,2565.700498047894
14976,4139.841572135176
14977,2242.7217253483586
14978,2094.1021791523485
14979,2471.94599098076
14980,3126.299227324612
14981,2604.35850075858
14982,2145.2918069222856
14983,2209.303344363978
14984,2599.941063274362
14985,2278.477753198771
14986,2422.459829915007
14987,2377.0099308223853
14988,2221.4949085142835
14989,3316.2228635213332
14990,2185.6142761888127
14991,3660.734208016819
14992,3208.07000135755
14993,2482.319350087003
14994,2400.138486671636
14995,2299.594942097248
14996,2481.9592734748203
14997,3237.7061947384445
14998,2475.7040263723948
14999,2198.681090722983
15000,1971.089540093748
15001,2350.1765470299774
15002,2009.567546749302
15003,3246.182717538146
15004,3266.537075596086
15005,3979.2104306207175
15006,2043.4391440034913
15007,3105.425006051795
15008,2924.378058041488
15009,2729.315516607944
15010,2923.053676568047
15011,2417.1492596041307
15012,2199.9778970093294
15013,2199.6344474015896
15014,3352.1035970509356
15015,2864.830738152835
15016,3865.654751934834
15017,2733.960381790691
15018,2245.2342390657914
15019,3487.0001781787823
15020,3349.9557304160935
15021,2840.089680182583
15022,2045.8859118192058
15023,2165.376957094657
15024,2519.387762270717
15025,2441.552093058598
15026,2952.5204102817142
15027,2413.3838050520926
15028,2176.2492798463904
15029,2119.0735940368036
15030,2291.117324153316
15031,2530.1276932000474
15032,2853.056368366943
15033,2140.369467636348
15034,2593.6679066902952
15035,2890.7220280141955
15036,2731.3313589267555
15037,3004.194562446167
15038,2242.611603413848
15039,2385.8968223106513
15040,2192.603952926752
15041,2128.595351264895
15042,2023.2412972124262
15043,2514.404373976546
15044,3353.384859636264
15045,2985.3976113204017
15046,2146.4323767327182
15047,2740.0253857749544
15048,2333.244899724544
15049,2211.673308743608
15050,3077.896218715714
15051,3343.682232187897
15052,2958.7019339717094
15053,2057.3010620442774
15054,1856.5178428815366
15055,2687.776365575696
15056,2280.108887284164
15057,2491.195752613782
15058,2762.387205155131
15059,2310.8008884921737
15060,2608.361178170846
15061,2054.430619700737
15062,2446.4926226077614
15063,1860.8641611003814
15064,2772.622809477775
15065,2224.800730033826
15066,2819.4529553301136
15067,2281.1571512747278
15068,2668.781757374498
15069,2534.073070773787
15070,2608.031012594084
15071,2193.924123699906
15072,2619.6196304100295
15073,2160.1182361960045
15074,2438.017587705764
15075,2357.7875272582323
15076,2959.3221606916895
15077,2384.919047474935
15078,1898.8287434554113
15079,2396.434496142223
15080,2071.301274139083
15081,2431.2677602019717
15082,2179.4520283212105
15083,2000.3192342423476
15084,3003.350491268655
15085,2795.2487675430893
15086,3048.045699184602
15087,1592.7819203404083
15088,2006.5195223330743
15089,3079.827881998032
15090,3130.6259917007787
15091,3005.1060419581345
15092,2546.3478098577025
15093,2827.314283967401
15094,2245.718292088249
15095,3441.1437017454837
15096,2671.3412058093036
15097,2578.209270074257
15098,2124.3215921692877
15099,2731.562558135156
15100,2568.418035677224
15101,2115.435478575641
15102,2624.325633978414
15103,3060.9610207494593
15104,3241.3963030796763
15105,2573.2402731740212
15106,2491.68907374845
15107,2962.162181467046
15108,2482.4134664464
15109,2508.6055177902153
15110,3614.5580929229727
15111,2544.4314819038764
15112,3249.6047899433233
15113,2598.56555116293
15114,2220.1911784162394
15115,2617.908891503848
15116,2573.089822072993
15117,2499.2611932088707
15118,2161.6991432017185
15119,2434.047789734602
15120,2032.3904238233472
15121,2556.8804298689133
15122,3052.689459004103
15123,2121.637505841247
15124,2224.173573657039
15125,1839.160684330532
15126,2546.3954080840876
15127,3030.973280317341
15128,2701.5874923302404
15129,2537.460272951427
15130,2037.5372237029915
15131,3175.842703674063
15132,2085.775305482229
15133,2372.010064179285
15134,2031.0107392114633
15135,3190.4182381565424
15136,3325.1567559316936
15137,2998.494339505356
15138,3253.898332721602
15139,2212.8983712217155
15140,1881.4982301401085
15141,1817.7104175604152
15142,3025.283914615784
15143,2867.335272154131
15144,3469.28884037797
15145,2393.6133789092937
15146,3354.261153577399
15147,3319.64901318369
15148,2138.909052334837
15149,2235.1215876931838
15150,1950.605527375157
15151,2377.19457650536
15152,4020.606261294145
15153,2075.463222245376
15154,3131.9268345689397
15155,2063.048256478356
15156,2848.4438201939383
15157,1557.1916039241896
15158,1995.088591374474
15159,2525.118958028743
15160,2971.682698173551
15161,3084.0223002272533
15162,1985.931107373095
15163,2349.7698643305685
15164,3116.6358877568014
15165,1823.9826695448064
15166,1925.6844976360317
15167,2551.9701423067254
15168,1988.6349020023047
15169,2178.7488769460742
15170,2164.7123297701546
15171,3252.9783761135122
15172,2490.4131359137864
15173,2009.7608632834024
15174,3950.743627326664
15175,3363.884641634177
15176,2657.715521134714
15177,3437.592713509808
15178,3442.16496981349
15179,1921.4615051280207
15180,2827.347690955132
15181,2024.1527464392443
15182,2707.3450650905124
15183,2346.5285350789063
15184,2096.064503952274
15185,2392.9835832605604
15186,2577.902629014774
15187,2918.216671111145
15188,3331.507440713084
15189,2017.605603609889
15190,2596.8581436344584
15191,4212.467385588612
15192,1861.9329827047782
15193,2389.6417467080714
15194,2063.206566951023
15195,4031.5709725554093
15196,1967.4828325134936
15197,2968.414692245481
15198,2750.3811889969197
15199,2569.1960056057424
15200,2842.246347155842
15201,3569.4921122235482
15202,2429.2607518467134
15203,2343.179314996717
15204,4143.1724095590325
15205,2734.067992092995
15206,2227.5663596651502
15207,1859.4284692731912
15208,2164.44370309803
15209,2530.031078750254
15210,3212.894536759211
15211,2557.6224319628736
15212,3960.1547998458263
15213,3415.732183046418
15214,2445.6014334388774
15215,3019.98046480877
15216,2388.279334313084
15217,3038.025151835939
15218,2490.7070544863755
15219,2783.999975880426
15220,2759.151886594403
15221,1900.1170369291742
15222,3105.279469621422
15223,1787.5170896262828
15224,2517.860730299325
15225,2111.454553253716
15226,2154.9829724788674
15227,2724.3830015504595
15228,2559.0569238349776
15229,3096.5065250770376
15230,2553.5890895653315
15231,1923.181154456023
15232,2714.28149117768
15233,2517.1434509207756
15234,3205.6688479058375
15235,2317.211290027611
15236,3234.091983575362
15237,2549.5555902179067
15238,2205.5813065674984
15239,2814.3719453217896
15240,2174.1604893825142
15241,3834.2610569360754
15242,2677.8949191441698
15243,3294.1672528636013
15244,2309.639839876928
15245,3189.7979036114766
15246,3781.308337406943
15247,2771.1450517697012
15248,2321.4830154635574
15249,2439.372777267569
15250,2314.4824248927025
15251,2045.838390155106
15252,2251.482598269132
15253,2168.0713703885344
15254,4248.6490384285225
15255,1992.0817880837565
15256,1888.1472442142788
15257,3302.328773938575
15258,2716.046379103842
15259,2641.9969963859794
15260,3121.622595619692
15261,2401.3199445688624
15262,2246.660333189444
15263,2722.895459250418
15264,2856.5801028666956
15265,3188.361643169848
15266,3014.767534515554
15267,2199.626874941918
15268,2352.698561445691
15269,2229.2030476113287
15270,2516.0821849239005
15271,3307.5875398386943
15272,2778.530305571405
15273,2017.7126778443521
15274,3232.594425983976
15275,2556.6988713641267
15276,2360.6364527252654
15277,2046.325240158848
15278,2321.968352747572
15279,2083.33505102991
15280,3035.047732946301
15281,2702.9031986889195
15282,1850.3125531684839
15283,2307.5298986620373
15284,2399.848324016397
15285,2577.6601057143653
15286,2139.954610802701
15287,1816.818239511392
15288,2161.8565982415466
15289,2646.9260192454494
15290,2452.1250700871587
15291,2570.168673709957
15292,2174.8523149372977
15293,2481.5840454780323
15294,2553.3886827545066
15295,2431.8257740023832
15296,1807.9298610873766
15297,3229.3765180491496
15298,2804.06111909171
15299,3526.7253500424995
15300,3608.5760343738257
15301,3123.5333087000367
15302,2560.5303630751255
15303,2616.433817146816
15304,2239.252626049706
15305,2661.8041323528096
15306,2016.5705537542535
15307,2052.219601649255
15308,2026.6846633677906
15309,1951.106143851035
15310,1800.6183696750263
15311,3121.827524954338
15312,3349.3487954165935
15313,3186.7554693242946
15314,2360.388568357147
15315,2386.5683114871367
15316,1592.7253318529524
15317,3691.9939613873166
15318,2488.208772704347
15319,3765.4146537886018
15320,2173.726515166945
15321,2204.7326202767013
15322,2555.5856844710343
15323,2814.9784032828857
15324,2786.8980229775107
15325,2471.2176337236547
15326,2011.7538929610241
15327,1841.6620474532199
15328,4274.348440009942
15329,3134.748505438596
15330,3025.229864133719
15331,2312.2207222554216
15332,2130.4637762703073
15333,2005.7045172826568
15334,3035.1755143128853
15335,2916.2065166659754
15336,2452.076973101991
15337,2348.2724616058713
15338,2372.777684018989
15339,2760.377904549165
15340,3291.801043013931
15341,2170.4513832443686
15342,3786.3294717958256
15343,2320.1912893883623
15344,1855.3038482929383
15345,4435.273882666194
15346,2962.3505837188177
15347,1867.8911006232165
15348,2214.5503141170634
15349,3220.6618103107135
15350,2051.30354836042
15351,2595.648708228725
15352,2170.1013570150853
15353,3250.05181242308
15354,2745.963940760693
15355,3534.928713352042
15356,1898.2535675172237
15357,2145.0648430691776
15358,2269.055986548999
15359,2395.968366947607
15360,2853.8421146140854
15361,2093.2793637717523
15362,2537.5861028435793
15363,2164.5324065778677
15364,2984.54037500912
15365,3277.734874964525
15366,2230.333902891815
15367,2179.484057110353
15368,1835.7845683741643
15369,2303.125333070344
15370,2454.7053972595986
15371,2298.7268306206543
15372,2334.5963130013683
15373,2156.800704951438
15374,2434.5942316368196
15375,2029.9631497358473
15376,2051.211658176091
15377,2248.079826538379
15378,2436.2010799854825
15379,2452.745305936411
15380,2565.1982996498873
15381,2546.1583981927743
15382,2049.5643595344786
15383,2570.386852188231
15384,3251.618282443792
15385,2720.9319168766588
15386,2488.9007823230786
15387,2654.6036972172697
15388,2985.5802833385032
15389,3425.432531770384
15390,2857.3321193674965
15391,3168.9635287122937
15392,2086.651275946916
15393,2999.599426897789
15394,2575.213411464182
15395,1865.6378918526848
15396,2012.5626941423052
15397,2300.093784837035
15398,2242.6221860561764
15399,3272.918994832151
15400,2437.2510490213353
15401,3008.2153167453225
15402,3608.036562852557
15403,3316.2228635213332
15404,2946.0772223240147
15405,3003.491320252352
15406,3648.2931804067407
15407,3484.1722721180186
15408,3350.243410756826
15409,2586.56167893313
15410,3436.430469267847
15411,2328.7345771645314
15412,3126.5695289100454
15413,2258.2056298678144
15414,2179.9786183178135
15415,2869.6160399058754
15416,2645.549170678642
15417,3053.569641958983
15418,2451.621277194902
15419,2765.0339439324453
15420,2217.410777756894
15421,2531.56844047755
15422,3031.2434005147925
15423,3165.820837373436
15424,2715.969888605843
15425,2637.3598281546347
15426,2838.4800851555765
15427,2075.184874528876
15428,2137.4487229106117
15429,2295.725982832187
15430,2575.74541022497
15431,2253.752999598845
15432,2296.6817709464913
15433,3682.62968149904
15434,2004.831699211038
15435,1979.951009168999
15436,2914.9551483303135
15437,2736.198345870718
15438,3647.24481593758
15439,3558.423584762605
15440,2615.1261986750696
15441,2399.644345555196
15442,2537.2176401145625
15443,3424.192716460525
15444,3407.6337612414045
15445,1847.8543755605756
15446,2813.182246262446
15447,2531.8361632326214
15448,3219.698221407021
15449,2715.9574620723456
15450,2419.046248679605
15451,3134.4361403846933
15452,1888.6395822019851
15453,2058.492122669862
15454,2795.478508125145
15455,3073.6783194141444
15456,2079.403705717611
15457,3343.905094866989
15458,2976.4572346353425
15459,2921.5743849950013
15460,4098.890735535364
15461,3224.7690975641726
15462,2503.5919832406917
15463,2009.693596412597
15464,3130.599715087216
15465,3723.6422749105855
15466,3692.841828067789
15467,2791.823221534031
15468,2050.7362087008687
15469,3364.7527061460255
15470,2220.1825818507587
15471,2818.7361904405916
15472,2020.0142647220136
15473,2473.3905105355025
15474,2633.37745017501
15475,2372.5158589598545
15476,3032.1314771152574
15477,2230.1150119517197
15478,2337.0106036326542
15479,2413.898822069754
15480,2929.0542849031945
15481,2326.8365231976904
15482,2648.9557332122567
15483,2574.4890231893532
15484,2228.135759837546
15485,2110.6694683459327
15486,2574.509711256851
15487,2403.8213515004018
15488,2538.0764438462284
15489,3335.673050120514
15490,2344.175237893771
15491,3329.604692381001
15492,1878.3198439387818
15493,2488.2043086628405
15494,2428.3948289277478
15495,2603.0974321624453
15496,2088.8092112668755
15497,2580.4676662842385
15498,2912.0565003609827
15499,2572.8648395210557
15500,2622.971823043682
15501,2685.051708674954
15502,2622.380509732483
15503,2529.1947019518097
15504,2525.372863237979
15505,3127.085274630793
15506,1982.369189652272
15507,2282.9030496977025
15508,2254.4292181355268
15509,2476.147838656233
15510,1834.3831051236734
15511,2143.07941413525
15512,2215.9310707692484
15513,2717.06295927509
15514,2513.9779261214985
15515,2944.5814222116437
15516,2160.21597589913
15517,2120.1205529133495
15518,3691.1920185415065
15519,2133.653289162092
15520,1881.5393021085852
15521,2657.864995314717
15522,2064.9322664673855
15523,2346.566141793098
15524,2505.921784462484
15525,2164.216221254436
15526,4490.65319493473
15527,3400.6364212430353
15528,2653.031242320798
15529,2118.2787895287893
15530,4078.5000862493057
15531,3248.9998614111782
15532,2769.0088997335984
15533,3123.1440905446516
15534,2402.8939915788997
15535,3375.972500830294
15536,3253.985645234943
15537,2326.754570465538
15538,2387.0207547891505
15539,2533.6735623401555
15540,3127.9078435789934
15541,2339.0557958357504
15542,2317.9408702022592
15543,3401.4077569895535
15544,3187.920899552216
15545,2518.8231565096694
15546,2685.3063629761127
15547,3142.0790193532857
15548,3253.1273490793938
15549,4049.5427219164767
15550,2734.821355730517
15551,2958.4839866426214
15552,3399.7180772744796
15553,2662.304327795841
15554,2565.023918740818
15555,2362.0480602247076
15556,2600.60199439391
15557,1981.363004040476
15558,3153.688823166656
15559,2196.6315495785093
15560,1943.3500954488259
15561,2917.8138776603873
15562,3251.774270512873
15563,2473.9725005754754
15564,2032.4765493598106
15565,3415.0174273607317
15566,3335.673050120514
15567,2553.0539376330225
15568,2519.55512611858
15569,2014.9727108618144
15570,2988.102399987565
15571,2075.4558062761107
15572,3024.9863616172242
15573,2476.2239817185923
15574,2048.111319634784
15575,2760.9791939008383
15576,2291.048808170037
15577,2332.755897144374
15578,2802.335390510772
15579,2386.0822521738687
15580,3359.305041385055
15581,2504.4309798188783
15582,2284.3423704124707
15583,2295.725982832187
15584,2085.9382307113433
15585,2571.6142353303703
15586,2222.284418263863
15587,2209.4501478353004
15588,2752.643444155733
15589,2242.1483532353327
15590,2610.060511798055
15591,2054.7559096646405
15592,1992.061402795253
15593,3555.400135106338
15594,2489.5015061087297
15595,2750.3608627224303
15596,2324.440922276369
15597,2147.9603174010963
15598,2992.1539988194036
15599,2249.434700444925
15600,2401.351451057255
15601,3225.0630555572866
15602,2192.1522163206755
15603,2477.9261760602494
15604,2477.9379719670696
15605,2103.0625966855023
15606,1825.7092191526208
15607,3616.867853928452
15608,3588.953238467518
15609,2554.336277173828
15610,2520.7177806075106
15611,2874.0387024768424
15612,2129.3912746410715
15613,2263.342161627975
15614,2542.399722356335
15615,2577.121894712532
15616,2319.1546649345282
15617,3934.83536565077
15618,2289.0871802887787
15619,2587.251090062776
15620,3718.857763542569
15621,2209.260824326825
15622,2331.9681517071504
15623,2051.088471020701
15624,2365.6951623536706
15625,2394.58518409255
15626,2273.313541397194
15627,2730.132018035944
15628,2182.6273245395896
15629,1972.7574475522176
15630,2328.3310725738793
15631,3301.9748545412986
15632,2111.2923533870953
15633,3144.5293656272115
15634,3038.8203431486763
15635,3258.8136324634115
15636,2967.1552241564086
15637,2374.52551481688
15638,2234.897019056086
15639,1951.2582429670713
15640,2124.214601788687
15641,3805.343255186928
15642,1905.5751230390822
15643,2930.3867434898048
15644,2258.824887343109
15645,3258.096943987322
15646,2228.060210346127
15647,2762.5990929428312
15648,2569.60085654199
15649,3082.7067111308697
15650,2713.3337552866897
15651,2960.770680530435
15652,3945.7668528489376
15653,2441.81051705302
15654,2022.091648362756
15655,2478.0524472660254
15656,2261.014935966857
15657,2609.0147449086217
15658,2282.878978713824
15659,2483.0235949259477
15660,3014.7215904887144
15661,2379.90465727231
15662,3034.5209725398017
15663,2637.4108594177605
15664,2742.269672377325
15665,2779.2451996186974
15666,2778.4261093896303
15667,2986.809546313515
15668,2658.8886521856066
15669,2905.1096517685774
15670,3281.1586722015036
15671,3505.1009072637953
15672,2091.8112404223866
15673,3374.017007634693
15674,2280.693674864427
15675,2085.593260713828
15676,3052.9395769112134
15677,2031.3213854956944
15678,2474.629207102135
15679,3698.9215353710633
15680,2174.028871245332
15681,2462.888187591492
15682,1816.127816967427
15683,3464.5798663308324
15684,2424.88768543041
15685,3350.6955049760427
15686,2553.4374797840824
15687,2503.206070934538
15688,2192.1964455696066
15689,2280.9708758657252
15690,2209.2361329982914
15691,3025.322520478767
15692,2606.8644302084376
15693,2202.848290289197
15694,2023.7894492711862
15695,3306.7958850891855
15696,2901.6247306605273
15697,2193.4991998384494
15698,2121.8210610076167
15699,3160.542838101854
15700,2401.310265118794
15701,2652.9141843186953
15702,3734.4696812543734
15703,2260.7479877182996
15704,1965.4588742126703
15705,2378.552808630707
15706,2619.735899336719
15707,2678.5472995794116
15708,1805.4018297539317
15709,2257.5626519194516
15710,2534.635166099004
15711,2485.8749674874116
15712,2248.7504882196436
15713,3128.934943886882
15714,2409.8602074842643
15715,2527.5180807742463
15716,3274.5676765369954
15717,3442.1443557974208
15718,2388.4543680624965
15719,2761.214208762471
15720,2784.163439248431
15721,3141.343561993148
15722,2352.330396160481
15723,2662.864948270764
15724,2825.8666750873604
15725,2362.0613791631313
15726,2369.992911950872
15727,2072.754502435361
15728,3181.2936383178694
15729,2721.7570873698114
15730,2082.8776128362483
15731,2220.017194466961
15732,3033.611877360506
15733,2710.536018534992
15734,2178.754179135907
15735,2829.7002073483472
15736,2205.684231543607
15737,3116.1101806476145
15738,2885.282880464435
15739,2161.0227125291904
15740,2041.1617418283931
15741,2212.345633900629
15742,3584.2383832929872
15743,2855.5511881228313
15744,2064.7236622382097
15745,3373.638929413338
15746,3941.5803409569216
15747,2489.0664263546632
15748,1927.6423874604498
15749,2635.749054201032
15750,3511.295722803098
15751,2211.4106500525704
15752,2699.4151541158494
15753,3252.8295441082682
15754,2949.933001786079
15755,2691.086001233392
15756,2184.410847738553
15757,3801.1119789900376
15758,3015.699075516429
15759,2348.5778084444996
15760,3027.388311335081
15761,2418.021574192269
15762,2969.962579454039
15763,3415.0642553393773
15764,2541.4429405671735
15765,2291.2309987417175
15766,2362.6893996459266
15767,2803.015977860089
15768,2464.726635444998
15769,3033.7377125593603
15770,2558.777230833318
15771,2375.028233173079
15772,2009.840125782258
15773,2069.489623291287
15774,3886.762700169643
15775,2919.3262562455393
15776,2162.195988934911
15777,1916.9901962761094
15778,2420.024739975456
15779,2219.5491036501635
15780,1812.7159928973879
15781,4023.758411849525
15782,1996.697967796764
15783,2893.1482338460355
15784,2581.4585220762197
15785,4029.959158219141
15786,3606.0403312121043
15787,3485.605787790623
15788,2434.921263389521
15789,3275.7697940491407
15790,2073.414766618016
15791,2400.4468851049683
15792,3535.0816645535742
15793,3071.0683239039763
15794,2395.5994931767627
15795,2286.638316557687
15796,3504.919401361152
15797,2139.1704840747047
15798,1949.4131431534583
15799,2425.9473645007274
15800,3525.4532229263364
15801,2754.392345485583
15802,2122.1890064763247
15803,2322.5954321301047
15804,3304.492952777847
15805,2988.955375769543
15806,2140.2896635811953
15807,1799.552093365759
15808,3123.46552518672
15809,2597.6453283516594
15810,2180.8460551651397
15811,2046.4501466387237
15812,3215.9439417221574
15813,2862.782774053023
15814,2430.3883432948974
15815,2293.9736638535323
15816,2333.802189845287
15817,2645.760609569922
15818,2112.68336741849
15819,2185.8978437951673
15820,1925.4310107952783
15821,1983.3418984278885
15822,2986.034219702761
15823,2579.528941289913
15824,2257.318632607723
15825,2164.231620614101
15826,2019.6718584527662
15827,3271.8227323660694
15828,2063.4218533984294
15829,2567.66709953801
15830,2385.107507412361
15831,2726.8240036294906
15832,1917.146790844063
15833,2468.3830838612794
15834,2474.3070852182473
15835,2538.0414083929386
15836,2033.0844044761086
15837,3227.278051708984
15838,2532.6678369221736
15839,2488.9809921856186
15840,2578.939901636534
15841,2675.502199358748
15842,2817.9571793720324
15843,2045.6646915428064
15844,3326.937680149304
15845,2932.8594682490366
15846,2657.4757637601056
15847,2345.8852089542406
15848,2613.8579658241024
15849,3232.7000123755233
15850,2448.0378824657746
15851,1918.8164795356893
15852,3045.6315801217283
15853,2195.316525419028
15854,2906.6310594582874
15855,2111.370029692116
15856,3111.6665889129436
15857,2490.0546505503357
15858,2595.3686140790687
15859,2079.554225210013
15860,3199.62187348064
15861,2601.4047016324866
15862,2969.3360355128993
15863,1899.663896236474
15864,3082.1815986659094
15865,2541.873660129267
15866,2277.2734954587
15867,2761.300114735477
15868,2148.7762038477154
15869,2351.8303723069844
15870,1567.99747708457
15871,2098.632646274069
15872,2199.045488806062
15873,3032.3019563686885
15874,3703.470462347648
15875,2845.055609369909
15876,2457.79644991281
15877,3621.571585273101
15878,1959.6248566993959
15879,2471.737626975964
15880,2711.7792836080853
15881,2214.6169859252927
15882,2485.2237339085427
15883,2572.941868226021
15884,2694.6368635640456
15885,3677.4042760641764
15886,2797.228136702068
15887,2308.5257900301986
15888,1980.6826246673422
15889,2319.5460508685987
15890,3360.6260524515783
15891,2281.680820177396
15892,2999.357627719329
15893,3113.875134051229
15894,4217.350467464014
15895,2417.72405923456
15896,3145.713132819661
15897,2151.7787543265867
15898,2033.5182234274052
15899,2484.2396526790353
15900,1875.913502750362
15901,3643.0726441496704
15902,3096.018441366878
15903,2070.955562951007
15904,2492.5386445100294
15905,2006.9955036025935
15906,2599.3835248806217
15907,3204.853775880483
15908,2376.024037372005
15909,2008.4874418331526
15910,3456.3035831765455
15911,2879.399628059533
15912,4341.354317002101
15913,2601.813956325863
15914,2090.544141888483
15915,2116.3779984747334
15916,3567.138032448528
15917,2683.1940722731238
15918,2116.816812279063
15919,2430.0344759265113
15920,3210.1420167745064
15921,2340.606079605488
15922,3292.164259812962
15923,2752.607247421761
15924,2686.378759580448
15925,2847.1605188753447
15926,1983.357622970962
15927,2605.3417983336094
15928,2829.530002023871
15929,2312.8259530761234
15930,2180.2139805167235
15931,2311.8695352203704
15932,1858.4698775400461
15933,3584.26575529746
15934,3386.078393741359
15935,2621.5336438520617
15936,2288.6217799729
15937,2404.732438675099
15938,2122.9808669447675
15939,2604.4828331472563
15940,2966.4899220216184
15941,2295.3018097921286
15942,2746.1623392020338
15943,2282.605746636369
15944,2525.5365238492213
15945,3568.1075116861302
15946,2140.247459778174
15947,3168.835996277654
15948,2592.6345660235297
15949,3626.693720546755
15950,2416.1844921495567
15951,3316.5542215826736
15952,2035.6931961679597
15953,2875.7571920621785
15954,2362.730308049471
15955,2261.0535957313396
15956,3394.594665577991
15957,2308.9384123110144
15958,2448.8407018913213
15959,2116.8497269971335
15960,2113.5133032090107
15961,2756.0653595076265
15962,3322.6642607841814
15963,2048.6709939956327
15964,1741.5367418147937
15965,1894.6189904726314
15966,2209.379199864753
15967,2181.3864642196163
15968,2222.934562626438
15969,2756.536786847627
15970,2592.197581528339
15971,2920.3988499822176
15972,3006.3836166548704
15973,2580.8858147325263
15974,2399.6720922763484
15975,3090.208917501396
15976,3136.8267775493614
15977,2237.7087481573835
15978,3672.7025332476464
15979,2564.7244869300566
15980,1929.1823890190872
15981,2263.2500543171727
15982,3806.2272083846265
15983,2393.215395571233
15984,1953.4207151524004
15985,2715.9125649844436
15986,2859.8642353041278
15987,1999.4993870546277
15988,2799.483837068836
15989,2598.243815110467
15990,2694.8673226908422
15991,2428.472995769742
15992,2612.331427791258
15993,2449.9724317568825
15994,2201.156754666676
15995,2368.4221482475923
15996,3224.6060822053396
15997,2297.2894134314993
15998,2779.6887921904017
15999,3660.3616056755723
16000,2304.3842321152415
16001,2171.1141186157774
16002,3609.71431247889
16003,2855.5885152884466
16004,1909.0690461436898
16005,2360.6471027674465
16006,2732.595946900117
16007,2241.0441239263355
16008,2395.6705883762625
16009,3645.917207909709
16010,1885.7645208234035
16011,2627.440601584096
16012,2025.9781864052864
16013,1961.3696672279943
16014,2373.736881790054
16015,2285.7634475418963
16016,1979.7902539940915
16017,1856.15415858436
16018,2655.149220310589
16019,3000.6105943920948
16020,2281.850942754354
16021,2731.4753326908817
16022,2968.993184024658
16023,2541.11805294254
16024,3198.718232174833
16025,2776.3939101471856
16026,2460.6227372407493
16027,2283.990625779949
16028,4134.178711148335
16029,2568.810846862033
16030,1794.7593164447303
16031,2665.742860507496
16032,1999.1839056127046
16033,4507.499308285809
16034,2132.252712415731
16035,2374.5443585330368
16036,3178.4257256642627
16037,3428.9138283343145
16038,2539.445920391147
16039,2356.9085104216297
16040,2266.290493224112
16041,3159.243335730491
16042,3499.143321004074
16043,3054.4350311345715
16044,1999.9490505920553
16045,1890.712428272638
16046,2202.5743864398814
16047,2074.887315687178
16048,2867.022391485808
16049,3040.650960887638
16050,2696.0200744373715
16051,2623.1768519297157
16052,1985.961122338758
16053,2239.3981931060284
16054,2334.650540761739
16055,3295.366124653397
16056,2824.3257812941215
16057,2234.332420688919
16058,3326.8116929160524
16059,2986.3684622841065
16060,2828.006982209091
16061,3420.7024322255606
16062,2437.2362249004786
16063,2464.3844975421134
16064,2862.5126368727447
16065,2130.6122085408715
16066,1812.2148898794662
16067,2310.1776242944634
16068,2639.2902010686576
16069,2385.945091014004
16070,3381.419335618154
16071,1863.0527716521433
16072,1882.258401263869
16073,2192.383883827415
16074,1986.967093744279
16075,2652.540341307037
16076,1888.9896164324555
16077,3056.790053636305
16078,3108.1204291939575
16079,1981.2620354537682
16080,2104.2432176549164
16081,2311.0286318123817
16082,3376.30086580279
16083,2620.5178110970387
16084,1955.8878663161695
16085,3486.043749075328
16086,2385.8950752614314
16087,2686.509302593252
16088,2480.5273080951893
16089,2694.0507045604045
16090,2878.501716128795
16091,2320.267596895029
16092,2050.8507726573816
16093,1973.6171149610582
16094,3405.8843752120847
16095,2365.340416957415
16096,2214.6051254397316
16097,2744.809988782554
16098,2925.478498847311
16099,2691.1675503561687
16100,2828.4429186364114
16101,2407.5556870550563
16102,2042.6053219526943
16103,2591.759558610599
16104,2466.533215763765
16105,1986.8071801088745
16106,2538.0764438462284
16107,2818.568979699609
16108,2483.2798641637028
16109,1908.9370302621276
16110,1973.829074857742
16111,2421.6799009612614
16112,2652.249186383845
16113,3041.2176993686207
16114,2348.8492601248863
16115,2987.7700417149053
16116,2377.3564835162783
16117,2058.7361434773716
16118,3127.8739137367143
16119,2829.17635850652
16120,2174.6006201106593
16121,1959.923778341913
16122,1976.2909014655793
16123,2492.1732171112753
16124,3667.2176291178657
16125,2349.330849142869
16126,2491.6370055373454
16127,2281.928601354337
16128,1956.9899084911656
16129,3450.9556721583667
16130,3252.496593909028
16131,3068.494242582513
16132,2344.52105060322
16133,2425.2194560743105
16134,4712.0613559349995
16135,2605.885945499642
16136,1841.3709925726948
16137,2000.73169710408
16138,2276.7865287336444
16139,2110.6117803361044
16140,2080.410352366483
16141,2063.4218533984294
16142,2766.062002153717
16143,2119.8443894069137
16144,1703.646980688778
16145,2602.221083878093
16146,1928.6879802854412
16147,2813.5510106764063
16148,3571.5850665238436
16149,2795.6981693224902
16150,3119.6752481624017
16151,1518.3038032093723
16152,2290.3201750301087
16153,2008.7334756626956
16154,2512.593028008514
16155,2294.7019696837006
16156,2669.882803275745
16157,2287.751616224374
16158,2413.0622729681745
16159,1378.828519635902
16160,1771.6093100794465
16161,2595.161689671935
16162,2914.943543635879
16163,2319.7745337943143
16164,1772.5898119592991
16165,3756.531064279
16166,1958.4310747529348
16167,3478.9637026026576
16168,2391.9730518650526
16169,3257.9755083109717
16170,3327.014415600903
16171,2839.5720482241168
16172,2591.216652352256
16173,2269.9288077344922
16174,2298.4441016929486
16175,1872.6076394374145
16176,1947.7228017234434
16177,2195.9762838388365
16178,2817.135915932407
16179,2830.7056053685756
16180,2413.822725392471
16181,1988.2841848009318
16182,3526.6995648545812
16183,2580.813204932261
16184,1938.6530893634936
16185,2567.79445110452
16186,2223.6689999400805
16187,2145.2816469552463
16188,3043.5909099363607
16189,3042.1538053143618
16190,2784.8104722956286
16191,2407.802645001753
16192,3341.9711776851154
16193,2346.423289496495
16194,2328.050570592269
16195,2078.213551918914
16196,2197.6402520769234
16197,3099.967781623042
16198,3393.255497894924
16199,2145.123925588641
16200,2517.8037711504685
16201,2401.4874379433886
16202,2399.7445077301354
16203,4280.459515959198
16204,2020.0703674743702
16205,2509.910522559866
16206,2307.9252479509687
16207,3340.1085984848683
16208,2474.159921896625
16209,2307.5944016083863
16210,1891.1643395534304
16211,2066.975381190572
16212,2081.6554549964976
16213,3073.2447492610054
16214,2382.4716370282367
16215,2752.5898672867265
16216,1832.0828314717364
16217,4363.590348970392
16218,2826.263096279832
16219,2419.4492766061576
16220,2371.5224115066694
16221,3240.547175019108
16222,2530.1326931993954
16223,3679.2858341165565
16224,2227.8073000727018
16225,1845.5100172470427
16226,2264.1072437916596
16227,2915.262633036631
16228,2236.4325828340584
16229,3230.755978723402
16230,1985.9741487576725
16231,2305.3298152688585
16232,2276.224145947845
16233,2606.570981319352
16234,3160.335201110496
16235,1831.5921217915707
16236,2755.748414277553
16237,2914.502753071489
16238,2329.1877282790206
16239,2818.452793460576
16240,2227.0667452309376
16241,3757.8143410904904
16242,2176.9096253930825
16243,2334.8447904944132
16244,2604.484958442654
16245,2220.9698511347788
16246,2681.6923921849425
16247,2625.9818207127373
16248,2376.4808518702903
16249,2349.735850668112
16250,3074.4687365652853
16251,2042.758802572087
16252,3134.788219679655
16253,2814.4303803658395
16254,2236.830842251904
16255,2881.847012990055
16256,2011.9019349225887
16257,2224.56757346454
16258,2705.197072138336
16259,2727.7076097278486
16260,2599.0110529416274
16261,2103.217204510449
16262,2210.397192832298
16263,2386.4708645785986
16264,2454.9875191628325
16265,2162.8738709910845
16266,2117.163111215446
16267,2290.7131871493393
16268,2539.0149511076793
16269,2430.758106185267
16270,3590.764628642803
16271,2067.498470158226
16272,3452.6931318980432
16273,2733.337071976727
16274,2725.686922273777
16275,3515.573470352549
16276,2413.5847045551404
16277,3713.8366357246605
16278,2693.4254093792033
16279,3572.0360869954034
16280,2805.5696873068773
16281,3405.166361694896
16282,2163.7760922449133
16283,2677.8478598119214
16284,3182.9382239824736
16285,2310.824655272897
16286,3609.744829909507
16287,2043.4422422424614
16288,2225.8108676024194
16289,1885.4161426196345
16290,2017.4888382503639
16291,2258.742794612901
16292,2820.7881190054677
16293,3652.8823797539835
16294,2494.712445768441
16295,1858.8374896232572
16296,2644.6929354076947
16297,1995.425122674462
16298,2915.5685685491553
16299,2385.9882443296324
16300,2677.1336053930445
16301,3325.798063840948
16302,2754.553725983131
16303,3067.0290404989955
16304,2396.4405022876986
16305,2123.0397857194603
16306,1884.3031293492572
16307,3212.2180512157697
16308,2101.68503900144
16309,2048.734653197675
16310,2598.2936051226325
16311,2787.7404812769805
16312,2135.1810312144
16313,2701.886612243378
16314,2842.212629494541
16315,2899.444575712778
16316,2137.359635577824
16317,2656.8055434184143
16318,2306.3633303104043
16319,2970.174125817105
16320,1796.2367303796705
16321,2171.4259104872713
16322,3040.5837236039324
16323,2484.592460316986
16324,3232.5911770742146
16325,3082.566384690087
16326,2118.6520109229996
16327,2502.339837537297
16328,3188.719484162172
16329,2045.8814601022596
16330,2978.685159002507
16331,1762.6860091267818
16332,2341.505089987196
16333,2430.2857165945516
16334,2200.162001912801
16335,3243.6603595431025
16336,2005.6290804257
16337,2158.761667664442
16338,1979.5097768598102
16339,2534.7174979677584
16340,2045.8725729353346
16341,2449.385109446867
16342,2060.042771525554
16343,3315.097951541178
16344,2461.7179341911333
16345,2523.606771018706
16346,2176.2392432400375
16347,2655.9915959317514
16348,2389.817018687516
16349,2601.6926152507526
16350,2525.0076144077225
16351,2055.05540816729
16352,3719.5505184335634
16353,2056.88811685338
16354,2308.223733039337
16355,2583.0752977390534
16356,2777.7554353171417
16357,3591.736605506261
16358,3096.9120411355334
16359,3234.0154228041283
16360,2394.8230528811637
16361,1967.558495323171
16362,2864.9115585705676
16363,3535.433894441133
16364,2021.7661479441053
16365,2500.6875049195482
16366,3293.5567297537996
16367,1995.3483606789341
16368,2172.998700162286
16369,2295.0722635733173
16370,2933.2173058139556
16371,2921.0422887034742
16372,2788.48789425037
16373,1964.9221302955743
16374,2146.2840047148748
16375,2242.6745907687286
16376,2915.6079624053937
16377,2034.381095983948
16378,1984.944349619534
16379,1993.646690327008
16380,2402.2090582070095
16381,2528.757931011359
16382,3226.189633646447
16383,2900.260695292463
16384,2367.431258254873
16385,3017.4233908675287
16386,2464.268344701527
16387,2644.389919673775
16388,3245.477163171916
16389,1908.0983802052276
16390,2588.0081169790983
16391,2334.644961790102
16392,3481.4032041067835
16393,2253.0169647059206
16394,2098.555530326207
16395,2604.884158999995
16396,2286.2085539205536
16397,1977.9663044624904
16398,2308.7443865708833
16399,2137.629395322372
16400,3653.1133847857955
16401,2176.6306777015916
16402,2160.9579133663265
16403,2749.6278317005454
16404,1793.228803576109
16405,2453.1557399922303
16406,2969.622730122569
16407,2052.7570180945636
16408,2234.492974994555
16409,3073.4054810586053
16410,2116.102987751647
16411,2390.5938617069396
16412,2351.4127736067467
16413,2317.058069878026
16414,2227.75802605841
16415,2509.043512633466
16416,1975.9232687367105
16417,2390.4041321010473
16418,2800.3477913619627
16419,2043.226114824485
16420,2469.7700937100303
16421,2600.7414529033863
16422,2677.6141786228027
16423,2584.3364006930387
16424,2823.975067784016
16425,3001.3322622071955
16426,2828.357175822386
16427,2911.3427289788506
16428,2964.548218583412
16429,3306.210482989188
16430,3106.779294673314
16431,1829.8539481121225
16432,3135.0788950390724
16433,2244.6483673208436
16434,3379.2923723974864
16435,1912.166645689254
16436,2585.5968168516083
16437,2899.721596387818
16438,3231.1424069556674
16439,3700.641845047814
16440,2541.2496857368096
16441,2123.39545101723
16442,2130.5540779533776
16443,3872.9867849215716
16444,2367.7512012018415
16445,3219.5186050620923
16446,2237.631686468146
16447,1604.3865954759997
16448,1989.7025605956605
16449,2535.180213235424
16450,2775.568222265355
16451,1925.6801396919282
16452,2038.1058237020052
16453,3253.072489146765
16454,2394.9378716768574
16455,3425.529871601416
16456,2118.8800544951837
16457,1806.569965527554
16458,2628.818226669923
16459,1891.013359048497
16460,2231.158994693605
16461,2347.8225228647416
16462,3087.9519428768563
16463,3312.4845248539345
16464,1939.4318956610336
16465,3597.960260769004
16466,1951.3218875526873
16467,2170.488664857095
16468,2205.6918016375207
16469,2535.370325813773
16470,2101.582557782307
16471,1983.2169567545259
16472,2652.310014313724
16473,2265.6798970503305
16474,2956.9606951133455
16475,3027.4795855803054
16476,2483.03013560229
16477,2179.584495621486
16478,2526.7040860342477
16479,2973.3522657407702
16480,2851.3354617146424
16481,1985.741397621056
16482,1895.4769192765145
16483,2117.47959504932
16484,2958.8542534822764
16485,3061.4800220485768
16486,2127.9867446908297
16487,2218.748514143192
16488,2561.077900581902
16489,2767.8816801546004
16490,1983.7797208970467
16491,2456.8610807763944
16492,2634.8561790803515
16493,3042.7168776138756
16494,2030.020969757607
16495,3268.6137242023506
16496,2023.0094264053541
16497,2166.62140296496
16498,2547.623602294867
16499,2245.7632188806197
16500,2297.673490389844
16501,3300.9570299080624
16502,2092.525791322126
16503,2197.771567370056
16504,1856.7974520103844
16505,2144.5075206113133
16506,3950.8130754427925
16507,3354.61493163289
16508,3453.8938887493414
16509,2068.244265188733
16510,2428.6056403784714
16511,2614.0523428791716
16512,1895.4573600898177
16513,2019.5575347964987
16514,2412.247633619773
16515,2294.4794883755026
16516,2199.8156829662835
16517,2102.9495446707842
16518,2280.163817150421
16519,2219.082471760807
16520,3828.836475358797
16521,2058.3216433719667
16522,2284.472992200459
16523,3024.925111205232
16524,2346.2359832847574
16525,3556.2913761928103
16526,2199.1712554435844
16527,2362.1290826934355
16528,2718.668157870001
16529,2602.6830065553004
16530,2507.8765242585905
16531,1951.321156845031
16532,2146.8687806685116
16533,3341.1104061827373
16534,2385.336532154653
16535,2200.9829618546387
16536,2270.8592370977954
16537,2421.1594880784296
16538,2154.8183200872036
16539,3253.5557494727555
16540,2271.99514298531
16541,1924.4365560955553
16542,1780.4964025509435
16543,2329.7379254637794
16544,2190.427542136135
16545,2493.166401349529
16546,3607.4126109711137
16547,2261.959740169344
16548,2485.1344577589734
16549,2352.4327142815373
16550,2767.440432741405
16551,2927.594578053754
16552,2044.2036781930822
16553,2518.6048534873403
16554,3128.6585984124627
16555,2372.627963675483
16556,2248.7159350107786
16557,2727.8103229632306
16558,2391.90607669066
16559,1982.2078428082973
16560,2678.454371458304
16561,2771.347489170209
16562,2425.8477084239335
16563,2213.088781124637
16564,2253.974679867815
16565,2067.6483534127565
16566,3304.8895312558884
16567,3600.683921772655
16568,1949.5711453070037
16569,2517.1026815346595
16570,2496.465040497708
16571,2363.474115159282
16572,3015.4624073327495
16573,2286.4526627758655
16574,3211.068067594669
16575,2034.4092707210193
16576,2580.3317909133184
16577,3211.745731206707
16578,2392.4689562112403
16579,2626.6095479722935
16580,2641.8937247846943
16581,2081.289301115522
16582,2858.504934405606
16583,3526.6449032438227
16584,2145.123925588641
16585,2463.417951681756
16586,2484.387732338704
16587,2063.863341792358
16588,2189.2547826673153
16589,2845.6126238457073
16590,4020.4741139024727
16591,2691.9608486355028
16592,2005.8714359724213
16593,2618.8525581950917
16594,2567.5045973568913
16595,1592.6115590126967
16596,2511.305774534324
16597,2470.393338317365
16598,2539.1536569620785
16599,2774.272884081074
16600,2879.1561834492886
16601,2073.149409362099
16602,3020.2468510266144
16603,2112.2549404731494
16604,3819.2922949631547
16605,2264.8705844937945
16606,2978.0756336213612
16607,2056.533596250186
16608,2819.7233648377087
16609,2041.8864228727184
16610,1945.8344420791911
16611,3365.042968314087
16612,2174.651200596512
16613,2082.730451788256
16614,3022.027231969757
16615,1489.5646031044823
16616,2570.3036471808346
16617,2371.773043388131
16618,2162.614318699596
16619,2647.023913226106
16620,2598.7854354268347
16621,3038.427516193236
16622,2202.9417576774795
16623,3037.301201924304
16624,2153.6232084174694
16625,2021.9235011406329
16626,3145.067749767951
16627,2294.807730809843
16628,2685.841928909379
16629,2642.424487643342
16630,2136.702471913863
16631,2937.299922374552
16632,2694.9036761388497
16633,2279.6695093258186
16634,2223.5416863475825
16635,2711.1569111392378
16636,2296.6275702347234
16637,3255.341783199585
16638,2200.569443274293
16639,2141.8411428484005
16640,2614.057338558405
16641,2315.7451850311722
16642,2997.6266816971674
16643,2591.2293806170755
16644,2202.764550872
16645,2729.1272708565148
16646,1911.6855668237172
16647,3315.3869078906528
16648,2404.62067168456
16649,2630.666400023587
16650,2954.5317026165667
16651,2451.916003145193
16652,2334.1088131505185
16653,1918.0976793638554
16654,2445.525775077271
16655,2123.354226993434
16656,2889.6454155308975
16657,2959.8897638747267
16658,2314.144060928925
16659,2811.9440967703204
16660,2674.1413215280486
16661,2932.413343264474
16662,2989.072653114762
16663,2735.659922416092
16664,2055.4672570102603
16665,2768.6133224855375
16666,2879.9090394819113
16667,2208.437074769732
16668,3554.1221793955797
16669,2039.7659514597312
16670,2572.002962205694
16671,2318.2001748547145
16672,2171.1042901383707
16673,3057.2366685215256
16674,3666.681726267464
16675,3196.906946779461
16676,2402.470773894578
16677,2483.070906579165
16678,2226.9935052202727
16679,2801.6074807740033
16680,1900.7682486518352
16681,2681.0774330283393
16682,2057.081808461731
16683,2128.2804173847107
16684,2040.1643493334502
16685,4128.0051997334995
16686,2715.415412045269
16687,2568.519607258584
16688,2467.6528979651166
16689,2838.856596358787
16690,2939.2131498190065
16691,2033.630809726727
16692,4124.464639721039
16693,1899.4054339071372
16694,2377.4398295911537
16695,2430.340226936893
16696,2795.0823765869145
16697,3591.0678390729386
16698,2755.426114898809
16699,2951.217020219359
16700,3474.6192753326286
16701,2053.459092516595
16702,3088.5016225186837
16703,1996.311338727175
16704,3074.7113360678095
16705,2822.4266274464235
16706,2206.9070162692838
16707,2099.814385887815
16708,1794.5509624021702
16709,2491.121301585572
16710,3461.2210433631003
16711,2837.7348550446864
16712,2067.498470158226
16713,2796.0827618924786
16714,1897.8297281999785
16715,2776.707080878099
16716,2007.3792771361825
16717,2074.3670918874022
16718,2356.2320570599973
16719,3642.515992235185
16720,2875.125195463563
16721,2322.3938826686017
16722,2665.08718668182
16723,2157.9760556333817
16724,2413.1833793350725
16725,2487.4027572927807
16726,3156.3583180174824
16727,1842.7416253898396
16728,3051.781779007358
16729,1837.302072309093
16730,3059.825238905244
16731,2805.4416924910897
16732,2253.425082604874
16733,2246.6051065344577
16734,2579.4949603624336
16735,1981.5388599291432
16736,3178.661747255175
16737,3441.1665371215167
16738,3512.9242608946242
16739,1892.7882173039266
16740,2404.051117620077
16741,2200.4632706183575
16742,3417.837666418197
16743,2640.523524632249
16744,2078.5451736875616
16745,1923.329880404722
16746,2032.414139007892
16747,2717.0939553038334
16748,2434.1719994105442
16749,3108.0971634279913
16750,2852.443762057891
16751,2068.402604035377
16752,1844.6524499808063
16753,2536.4520432507225
16754,2507.3118469075216
16755,2493.787546664118
16756,2226.654609141636
16757,2659.023690647973
16758,1885.6404719829056
16759,2695.7267970898383
16760,1968.6514768167358
16761,3193.007927770951
16762,2501.8792187877766
16763,3280.396329734781
16764,2301.565880647737
16765,2162.5596695351123
16766,2293.310721060567
16767,1998.4331928139218
16768,2520.1508486705634
16769,2107.1906899242986
16770,1877.5684939126063
16771,3164.9936255262755
16772,2743.5951758404854
16773,3180.8182320288324
16774,2564.8433917171797
16775,3465.7118420116217
16776,2224.979374428152
16777,1912.5470332750695
16778,2166.245632943297
16779,2460.8222167067784
16780,2878.534562586261
16781,2408.2179764730286
16782,3398.3601946537365
16783,2258.8949635253807
16784,2936.7149212401446
16785,2062.4215993635285
16786,3139.827182385545
16787,2138.1675387904106
16788,2079.713446063408
16789,2359.63875947582
16790,1976.1802008658742
16791,2209.0892398619017
16792,2145.234351366093
16793,2596.7906628945566
16794,2087.812297469188
16795,2348.9228728079393
16796,2626.807476848844
16797,2638.7425944640854
16798,3354.676355683462
16799,3857.022366373858
16800,1907.7608150634485
16801,1994.2830318708263
16802,2768.660720984319
16803,3237.4695538737487
16804,2535.0856487864658
16805,2053.4295935274195
16806,2721.642973243658
16807,2131.4593479909436
16808,1552.1672855886686
16809,2803.264619579245
16810,3312.6568776459326
16811,2337.9810861630613
16812,1924.8450296662015
16813,3366.6479027480736
16814,2351.96902796981
16815,2656.065132113231
16816,2468.2782574584276
16817,3146.4780586879815
16818,2372.6346727418895
16819,2222.0946733952405
16820,1847.4520480154447
16821,2409.7729342030057
16822,2797.9899997247776
16823,2347.614495955607
16824,2426.4203285567887
16825,2568.573461643944
16826,3001.1264878580923
16827,1931.5350193922013
16828,2760.7953702278073
16829,2001.2785177431456
16830,1907.050029079937
16831,2646.115470986062
16832,2972.3392414777445
16833,3189.564975350227
16834,1327.1383016646546
16835,4107.105697363822
16836,2085.111492224704
16837,1798.4017601433188
16838,2306.5673647619496
16839,2959.068591526365
16840,2594.131276631824
16841,1614.021235267458
16842,2478.7547867063276
16843,2829.675294904975
16844,3468.719793360354
16845,2482.8464294072564
16846,3590.6001206978653
16847,1917.9467892316875
16848,1940.0538030732673
16849,3701.1556058362494
16850,2157.893843051303
16851,1907.0058527083731
16852,3814.4732668638117
16853,2457.659130081137
16854,2325.1227063521414
16855,2485.2713797223687
16856,3196.5348812192487
16857,3485.787875127041
16858,2862.8842220534684
16859,2036.4968899784535
16860,2799.727744575226
16861,2729.7269129106335
16862,2150.961743396626
16863,2486.3479873327497
16864,1987.5998257117153
16865,3188.611486874208
16866,2921.171063504972
16867,2698.6088773111605
16868,2072.826009774477
16869,2488.520291704838
16870,2088.417060262423
16871,2219.5281004645703
16872,2589.120707712685
16873,2199.753341612511
16874,2403.8144344142775
16875,2684.703863455406
16876,3316.8674147030692
16877,2291.584841786419
16878,3266.9298183462347
16879,2487.381865184258
16880,2594.691945913599
16881,3297.2304235878446
16882,2334.888716121618
16883,1448.0363355143645
16884,3191.757677794411
16885,3791.091119811519
16886,2686.902001075311
16887,2305.24290631563
16888,3589.3364365362954
16889,3045.542078178426
16890,3524.2153568457866
16891,1946.8336917624206
16892,1942.1313081284109
16893,2274.6472746074946
16894,2917.770775119613
16895,2129.1328254907785
16896,2564.07571410664
16897,2607.5353548654375
16898,1884.456375465985
16899,2287.02981244803
16900,3047.7090829869203
16901,2547.68181899002
16902,2137.4998571255433
16903,1886.2132063053584
16904,2411.086463894181
16905,2308.264264293935
16906,3165.0443189523476
16907,3202.245811534634
16908,2048.764790263526
16909,2594.121661597265
16910,2735.3845287570202
16911,2374.3206569417157
16912,3199.4524544179844
16913,1912.9110581841055
16914,2437.6989604878204
16915,2725.849671393908
16916,2699.0267338450667
16917,2213.670087758249
16918,2757.8389649668625
16919,2155.27864308479
16920,2125.193462929751
16921,2133.45566467354
16922,2636.880398317502
16923,2314.9591953570953
16924,2698.8366645253755
16925,1956.073648990984
16926,2444.274971674813
16927,2072.650927885805
16928,2009.737809991871
16929,1981.8224794882549
16930,2087.619590941354
16931,2580.0147680006594
16932,4087.7712419557583
16933,2548.128609600813
16934,2817.8126810769863
16935,2215.693122497967
16936,3374.0592346869985
16937,2105.8370441160614
16938,2884.015056399442
16939,3135.154353518508
16940,2293.140520416057
16941,2830.540211235906
16942,2966.254544628687
16943,2530.964261431627
16944,4511.656388815089
16945,2115.790021296551
16946,3086.5621282043876
16947,2097.158793732741
16948,2035.0930898281415
16949,2304.480064488064
16950,2637.3603688644644
16951,2610.4392750821107
16952,3164.7064086975424
16953,2650.6047955322015
16954,2076.9779933182754
16955,2091.2653395262537
16956,2549.441094638409
16957,1943.4725587635826
16958,3168.9998790991503
16959,3840.1747728494493
16960,2695.538142359903
16961,2052.422247804423
16962,1963.948191453956
16963,2353.8584939879456
16964,2071.6666237103263
16965,2288.485869473147
16966,2672.957334732619
16967,3153.4613777699296
16968,2803.2980744234874
16969,2877.8482968487688
16970,3471.176734951955
16971,3248.840009919917
16972,2475.449974860351
16973,2258.6083937728
16974,2166.1440205971585
16975,2256.939049196605
16976,2440.2427468126502
16977,2779.176159102502
16978,1867.4893254338053
16979,3358.1182431346215
16980,3365.170184139872
16981,1921.742046711809
16982,2732.9913452723504
16983,1619.7484409358426
16984,3538.8046978899633
16985,2109.3429901772774
16986,2629.0092231036824
16987,2541.3344561215117
16988,1970.2882159020448
16989,2437.148711868336
16990,2319.461693836853
16991,2251.530830189231
16992,2671.537687768976
16993,2905.710731573333
16994,2112.6036228908833
16995,2327.6348025251764
16996,2138.0903679023336
16997,2444.0774522723177
16998,3227.363557571354
16999,2116.1885485596385
17000,2201.908126673604
17001,2590.630607992657
17002,2139.2602576005283
17003,2627.6335745346532
17004,2403.777365048106
17005,3250.0912079453506
17006,1884.4854204551143
17007,3498.9524233676602
17008,2016.569091607234
17009,3366.6651707901938
17010,2230.734250607383
17011,2795.420578459916
17012,3365.8731231671145
17013,2323.035486833861
17014,3017.0566109935107
17015,2381.4940402561797
17016,2231.4268022850583
17017,3071.5429477803646
17018,3103.1805210535604
17019,2243.9262377704104
17020,2397.755629765071
17021,2978.643976206775
17022,2470.5626802470806
17023,3383.7204622588843
17024,2052.9578354228574
17025,3537.1130548882875
17026,2683.837564719165
17027,2495.3776460096988
17028,3162.8128470983456
17029,2174.7223911057063
17030,3287.6251944586547
17031,2623.6805174405204
17032,2630.9770492128773
17033,1969.7741532469845
17034,2992.8428779711476
17035,2487.087605347893
17036,3474.9025083169636
17037,3557.1731556630693
17038,3211.454855139475
17039,2851.779530383169
17040,3228.6269138253515
17041,3259.5095928004484
17042,2845.51095640423
17043,2192.829468886816
17044,4264.319742290425
17045,1378.9931347974953
17046,3321.590971915351
17047,1961.4446181916667
17048,2684.400353192992
17049,2166.1975303101817
17050,2106.217180281165
17051,2429.6743498476144
17052,2897.296253264485
17053,2341.453709818996
17054,2653.5632255817154
17055,2360.7552268718896
17056,3063.139609800482
17057,2959.63412569123
17058,2828.091747225855
17059,2311.1048762335804
17060,3137.8432889429
17061,3381.1393165072514
17062,2436.861757659315
17063,2882.9754430643934
17064,2200.755469753499
17065,2064.9326259665236
17066,2581.8244487408465
17067,2194.8091478776864
17068,2016.795338755841
17069,2947.2363650760635
17070,2236.779095661139
17071,2133.3765710240655
17072,3560.137157849078
17073,3277.168174094201
17074,2877.0446458776896
17075,3126.60606541577
17076,2226.5233447449677
17077,2743.0012682931056
17078,2051.019805812404
17079,2653.611081848062
17080,3202.206883489333
17081,2828.806818222163
17082,2712.2468532174744
17083,2157.820731844141
17084,2731.371124901675
17085,2404.5758938967
17086,2640.502058979127
17087,3215.7136962305203
17088,2490.775329561954
17089,2499.7279243928
17090,2272.022776216606
17091,3526.8464028917206
17092,3035.3450712800277
17093,1916.6021300318841
17094,2785.7555296490386
17095,1551.6518263792218
17096,2449.898009889015
17097,3366.7852181193994
17098,4000.372526844475
17099,3213.956492721124
17100,3523.6115355054953
17101,2192.5717390818363
17102,2625.3799222688513
17103,3552.6233958266334
17104,2548.602267075083
17105,4890.566584947443
17106,2101.1983172046685
17107,3046.8313139522193
17108,2321.07295858874
17109,3269.6208728475585
17110,1920.1559409940135
17111,2494.1264740245797
17112,2248.7466923274305
17113,1989.9427711612384
17114,2161.764080634922
17115,2158.037460564716
17116,2593.7732262396903
17117,2399.4492825779143
17118,3933.583783016319
17119,2245.6525116301973
17120,2233.703445444514
17121,3406.5499201751054
17122,2226.8583519116605
17123,1949.9585796262015
17124,1985.4099827982677
17125,2068.5001507733537
17126,2789.7951856917334
17127,2175.4946092379387
17128,2430.203267213251
17129,2022.6242658841702
17130,2269.950475241717
17131,2149.811469703764
17132,2913.281822212372
17133,4370.762289573848
17134,3235.2121359036564
17135,2476.7933290485703
17136,3003.7527612377016
17137,2593.860001590617
17138,3366.596635872112
17139,2723.2307889964454
17140,2185.1423216999547
17141,2820.4425322668294
17142,3055.8446882954495
17143,1896.5180579082294
17144,2355.473190904222
17145,2158.780678928104
17146,2335.1345420564403
17147,2512.562755016942
17148,2536.647210188141
17149,3813.580397921157
17150,3161.998893190084
17151,3133.8768836399267
17152,2620.6389288053624
17153,2468.5312075284064
17154,3045.9349225550714
17155,2405.127919921192
17156,3432.3729739292944
17157,2400.4777299499087
17158,2823.614233034641
17159,2906.042683976226
17160,2671.9837470039693
17161,2499.301441443132
17162,2516.264844049411
17163,2096.2815656149933
17164,2429.0141197073253
17165,1932.8730456955789
17166,3376.810687960576
17167,2365.9779653866726
17168,2207.43859778942
17169,2850.9819223640034
17170,2199.806782974547
17171,2693.198386093147
17172,2324.9526614647975
17173,2654.1752308360883
17174,1916.7559068606174
17175,1748.134564115972
17176,3013.1374228883433
17177,2849.385966017848
17178,3218.1575946100306
17179,2763.434095162269
17180,3703.035667714421
17181,2506.629685354327
17182,2849.655934465056
17183,2227.3858526530184
17184,1873.1083524681774
17185,2222.8388735015405
17186,2377.4670697634283
17187,3627.0230246918104
17188,2265.1679535485755
17189,3110.0185311098408
17190,3658.8057027372097
17191,3138.2790302282547
17192,2677.2386752910193
17193,2337.527109681023
17194,2255.804750384754
17195,3412.617826204467
17196,2582.943484194291
17197,2195.014372254783
17198,1850.2938770690598
17199,2483.874702684909
17200,1836.5575225359996
17201,2053.0120358665904
17202,2482.70627934342
17203,2159.1058420890254
17204,1780.6535264551485
17205,3211.5195479544864
17206,1843.0543469541003
17207,2106.2768116319576
17208,2171.424065113894
17209,2224.6319375880385
17210,2557.627138204329
17211,3019.172780587291
17212,2626.3610238819224
17213,3208.9779949856547
17214,2685.9791790544878
17215,2357.8820366277705
17216,2955.3809931643
17217,2224.772505827147
17218,1460.0473968551046
17219,2195.139259062094
17220,1984.9010960900591
17221,2756.1096955707503
17222,2022.2400387531593
17223,3296.1960918898158
17224,2209.6989305984357
17225,2652.587001044386
17226,2946.6098838215576
17227,2048.647006944775
17228,2314.243025071808
17229,2535.3143097984853
17230,3831.869279679216
17231,2165.2802256464647
17232,1958.8212374181726
17233,2226.685496085205
17234,2468.0439770848598
17235,2600.3757947741733
17236,3135.235918654608
17237,1816.4936738693864
17238,1865.364472098819
17239,2433.181046758198
17240,2454.994020983687
17241,2771.2103564943254
17242,1876.1266466403263
17243,3252.9783761135122
17244,2906.2973012478933
17245,3114.8946404307576
17246,3223.84690409993
17247,2178.1943945032335
17248,3042.404592399863
17249,1441.7175029957884
17250,2064.2733542684336
17251,2573.4699765521473
17252,2394.7758534035625
17253,2034.8363427006793
17254,2032.5889371120338
17255,2225.5695691537717
17256,1890.9597127657894
17257,2825.317351823462
17258,2352.340245787835
17259,2639.3739438302764
17260,2445.4680270320036
17261,3026.201761383898
17262,2739.8716622881407
17263,2213.8814976279527
17264,3520.6741701392393
17265,2424.7055150688857
17266,2694.885351985994
17267,3037.359499793917
17268,3889.284688523917
17269,2427.7484355514844
17270,2480.729220462861
17271,3042.1854739736427
17272,2077.886599495372
17273,2430.012153693342
17274,2765.2529842188296
17275,3317.4464044068104
17276,1967.1834500403625
17277,2797.836990020781
17278,2462.1770415602823
17279,2731.9769913264317
17280,2110.7117875253925
17281,2444.9652715870534
17282,2049.331682561163
17283,3308.4148412506793
17284,1875.5136153018184
17285,2889.8616790211745
17286,3211.0534356770604
17287,2339.67399303715
17288,2080.931941489657
17289,2263.813888284619
17290,2545.0032509757275
17291,2672.5724760449766
17292,3075.819577446873
17293,2842.4866758395665
17294,2056.770713612388
17295,2680.533821294949
17296,2473.6878635670946
17297,2262.632429540157
17298,2493.139406009166
17299,2608.310454863149
17300,2216.1836828687206
17301,2838.3391648522866
17302,2512.6244774092656
17303,2721.892058994547
17304,2120.0713123298956
17305,2571.5477042937882
17306,2973.5791576833617
17307,2543.9141735641947
17308,3328.951604134565
17309,2469.225387033814
17310,2161.47329584831
17311,2382.346888889164
17312,2286.3464945997925
17313,3123.441989006609
17314,2571.150047368908
17315,2486.9709868935333
17316,2462.638236739381
17317,2060.0189387140226
17318,1974.8652040241363
17319,2591.4301357666827
17320,2976.9086639183333
17321,2671.4983436728694
17322,3136.5438446946746
17323,3299.747089020947
17324,2474.3692086223587
17325,2309.8244533570264
17326,3124.5324297254956
17327,2023.3532371119777
17328,2467.8788115899765
17329,2612.352998864533
17330,3320.2231275585955
17331,2105.9822073055993
17332,2498.784379021269
17333,3234.064700416853
17334,2912.282119071893
17335,2361.6137575919497
17336,2832.099785183244
17337,2678.1381091685444
17338,2429.527800342497
17339,2093.029211159189
17340,2160.7050876653843
17341,2141.5441266174257
17342,2740.0536264721936
17343,2500.7645457539393
17344,2406.513937832531
17345,2213.1232981182993
17346,2186.334777548859
17347,2417.417567122776
17348,2230.0190913643537
17349,1828.0710428006678
17350,2109.0104963957056
17351,2160.954633116782
17352,2477.007570925739
17353,2264.239983768919
17354,3087.7464267916125
17355,1718.192965809831
17356,2844.4690094404136
17357,2455.4535204606955
17358,3099.789388479715
17359,2563.0212037755564
17360,2293.902451398193
17361,2210.5694788645997
17362,2965.6274372780654
17363,2121.111700372299
17364,2045.0529011209826
17365,2578.1495835014402
17366,1950.1463510893013
17367,2483.2555574960647
17368,2155.6195395273508
17369,2432.5464667127553
17370,3323.182719235825
17371,1937.6356124229246
17372,2437.1483504276935
17373,2020.2960160547327
17374,1902.7105239034195
17375,2727.708481261829
17376,3891.555327942991
17377,2813.596381560067
17378,2243.639414519851
17379,2473.0623057693874
17380,2161.95697373615
17381,2683.3968847319825
17382,3716.9115871371528
17383,2163.213107968236
17384,2123.4084516753524
17385,2368.734244847774
17386,2350.075153165907
17387,3482.2814579650512
17388,2893.927770716433
17389,2222.3924262254623
17390,2931.1690477116554
17391,2663.526065682677
17392,4550.591951511835
17393,2170.1261309880583
17394,3200.1880286785454
17395,2955.5591513337486
17396,2620.7011260569207
17397,2671.649404489291
17398,3429.137936332781
17399,3641.983941865298
17400,1362.1931968025378
17401,2134.0247649747735
17402,2036.1972752466631
17403,3118.0995988674313
17404,3142.649754617065
17405,2744.325761085719
17406,2510.6680429911125
17407,2350.412821271828
17408,1951.4568408007217
17409,4293.087247619595
17410,2480.803752883304
17411,3151.3676628951425
17412,2650.9994375304
17413,2608.202047580089
17414,2067.7165235007233
17415,1809.3552660982375
17416,2900.9010510860217
17417,2219.9710685673276
17418,2186.4482221350668
17419,3172.4095076982912
17420,2410.628296157882
17421,3149.055073082246
17422,2515.0145248621757
17423,2924.503119577098
17424,3597.9462632429
17425,2209.5938520595173
17426,3132.3227504656124
17427,3646.1869590676597
17428,2682.8884046885496
17429,3216.5462540985336
17430,2193.2622472838616
17431,2429.4560210358313
17432,1853.2623425166028
17433,2267.3766067616975
17434,1952.2241798342857
17435,2539.408734016692
17436,2610.5070213173503
17437,2019.2358882517892
17438,2643.26845186418
17439,2116.923175339437
17440,2575.965594200452
17441,2502.5587807376523
17442,2073.1237111718847
17443,3005.4949909472575
17444,2342.339138927872
17445,2172.863272260378
17446,2133.0070650908815
17447,2889.7503288342878
17448,1821.5131079806965
17449,1859.574918494152
17450,3466.4496207389607
17451,2222.886786919264
17452,2596.528551447825
17453,3424.8235077349323
17454,2189.34627745968
17455,2671.1971439390227
17456,2902.969013533799
17457,2078.8140285307663
17458,2810.245290055606
17459,3509.092468055608
17460,2070.151358640283
17461,2074.8191597475734
17462,1931.6511737858748
17463,2309.8114666018873
17464,2062.531368022219
17465,2238.769507171832
17466,2533.7022550713705
17467,2103.670909841505
17468,3122.079950470904
17469,2507.8918700019685
17470,3648.9077882185875
17471,3157.82109578538
17472,1942.3390925572382
17473,2000.649135695664
17474,2489.0536462805944
17475,3103.7916356831192
17476,2876.513320913674
17477,2152.1429625457495
17478,2385.5951652091253
17479,2025.224243718647
17480,2947.922177393152
17481,2244.081721823377
17482,4119.595300343368
17483,2826.691993272687
17484,1705.8445198786867
17485,3063.136166184026
17486,2450.9290220539233
17487,2501.764607666619
17488,2608.7410593857276
17489,2203.5320648284915
17490,3527.1463929853007
17491,3139.665434571111
17492,2726.6564651033486
17493,2395.358563915169
17494,3675.97202018583
17495,3369.9819988692475
17496,2262.1708664948615
17497,3379.4769218560164
17498,3134.3768748172515
17499,2186.4957738450403
17500,1890.656396625066
17501,3273.189947994878
17502,2506.0907851790143
17503,2376.311365671838
17504,2203.5406867118754
17505,2804.2368995233
17506,2578.0025193671763
17507,2951.651990214188
17508,3471.7110198689024
17509,2679.2398337212353
17510,2319.986045127831
17511,2943.322810788096
17512,2563.583614721504
17513,2264.605065727093
17514,2212.042933202173
17515,3018.67136174418
17516,2843.521743400752
17517,1921.8131419786632
17518,3269.086351913264
17519,2981.7993350687293
17520,2224.092246991545
17521,2970.8390707916255
17522,3110.170322449941
17523,3203.652133553608
17524,2537.4316216313655
17525,2195.5643920441416
17526,3170.1519049164226
17527,2630.7186295518877
17528,1929.5762131726524
17529,2383.0636776988085
17530,1852.957912729447
17531,2569.1353061184996
17532,1869.0196208058478
17533,2494.7454217797026
17534,2631.2667266769768
17535,3292.750598571919
17536,1972.282984622892
17537,2367.9757816243973
17538,2998.369324709533
17539,2693.617310892864
17540,3234.1899749166278
17541,2539.131675348922
17542,3111.522084013692
17543,2445.2534157919554
17544,2226.6897915485106
17545,2273.5568380433037
17546,2126.2786471451254
17547,2181.358314256685
17548,3391.650912431761
17549,3428.668705146663
17550,3479.680126838929
17551,3006.698557068068
17552,2570.735534666718
17553,3488.6614961201485
17554,2810.1713106761354
17555,2137.598287639166
17556,2383.018513757805
17557,2190.4715504766436
17558,2756.085775260367
17559,3497.4194784433694
17560,2016.5953443677863
17561,2688.1785762359614
17562,3255.416239421518
17563,3028.166587707896
17564,2025.072845304517
17565,2797.045703580981
17566,3066.1793005328336
17567,2392.4907725269127
17568,3638.2768211138705
17569,3186.9421768875036
17570,3220.3618984215636
17571,3687.1186807861054
17572,2851.7469555873386
17573,2785.511956198142
17574,3615.8557929679246
17575,2450.8045198597024
17576,1919.2025407784563
17577,2760.172427551642
17578,2247.764842419224
17579,2464.4642695613247
17580,2442.608914390034
17581,1967.702440497826
17582,2280.4205429963895
17583,3248.4820628268644
17584,2181.8479252527086
17585,2184.617098252814
17586,3472.5170440232428
17587,2251.100882989911
17588,2044.5455927900834
17589,1880.3170313803225
17590,2240.203875973668
17591,1618.9247925875798
17592,2932.010673863032
17593,2344.7682565049918
17594,2853.056368366943
17595,3400.292183535127
17596,1898.1031894763291
17597,2633.28174149091
17598,2561.963719226471
17599,1849.4808331122172
17600,2428.351024960338
17601,1471.8578518996344
17602,2657.66102264656
17603,3366.626250253869
17604,3775.398531691707
17605,3519.994820657139
17606,2128.0269844719405
17607,2428.0019277578613
17608,2493.3407653347613
17609,2164.966438982151
17610,3325.1282385353707
17611,2346.048507403
17612,2515.8567356871167
17613,2936.949883859339
17614,2867.298271925952
17615,2982.1468477771086
17616,2088.241093116929
17617,2604.4164763018
17618,2527.2788769310228
17619,2533.8121847672423
17620,2451.789479407962
17621,1886.1901162557888
17622,2430.7619508597136
17623,1766.8270785025043
17624,3384.8250452768584
17625,2206.920970105717
17626,2135.977602584681
17627,2252.6194905405737
17628,2876.9928448020546
17629,2242.91402843936
17630,2667.246941097239
17631,2745.63265077686
17632,2148.9607584738296
17633,3359.6623763103707
17634,2952.1301219071684
17635,2135.6988957522267
17636,2116.416113064179
17637,2164.5255900006814
17638,3443.932463089393
17639,2678.1551519555587
17640,2624.677228164514
17641,2791.812437820984
17642,3251.0503217957216
17643,1629.603140195477
17644,2193.1278314881224
17645,3792.496878731643
17646,2665.4149517643696
17647,2428.7267813829967
17648,2641.8784712979714
17649,2588.827362700588
17650,2203.682719937399
17651,2364.661094396848
17652,2950.124523299578
17653,2704.6914378076226
17654,2429.360111889892
17655,3744.339829754307
17656,2742.7492520655683
17657,1903.0278311933414
17658,3447.4082041712586
17659,3122.2382419885544
17660,3670.7284674841885
17661,3529.5410975375376
17662,2762.5099515212537
17663,2325.244528570531
17664,2803.5210135668976
17665,2000.5978790791921
17666,2445.240734516157
17667,2352.611038948302
17668,2215.5944423496016
17669,2228.0657905740445
17670,3026.3816131468493
17671,2290.591024349866
17672,3118.7155868794953
17673,2401.684066591575
17674,2409.151183958856
17675,2515.1068019328814
17676,3095.777669146359
17677,2060.093919770422
17678,3642.385251459169
17679,2428.4452894991505
17680,3495.7680024767014
17681,2983.8840202374845
17682,2885.7542876436373
17683,2315.625334236808
17684,3813.106627552347
17685,2145.6403733065927
17686,3055.980980352736
17687,3086.9432120362744
17688,2517.6375288892496
17689,2240.442185532266
17690,2339.987987484904
17691,1926.3314397767815
17692,2335.678329661446
17693,3685.834643358618
17694,4023.267286438995
17695,2490.198431643591
17696,1798.6301407424614
17697,3205.52726851129
17698,2331.384729317207
17699,2594.649195060786
17700,3531.190366575208
17701,2781.895188339765
17702,2398.9290689724344
17703,2671.500390778872
17704,2299.989228775713
17705,2080.818742994885
17706,3080.16172386149
17707,2470.4682862892396
17708,3280.357389351997
17709,2720.829323008077
17710,2942.2099290918754
17711,3125.6518779472362
17712,2555.4791624252657
17713,2129.962631120592
17714,3416.737469265849
17715,1961.5524951039797
17716,2587.850119333484
17717,2186.989562205358
17718,2106.3330837802337
17719,3367.582342714655
17720,2116.5704632914394
17721,2768.1942571388017
17722,3245.861901997092
17723,2467.692618181427
17724,2570.878298156472
17725,3280.0614362259957
17726,2484.95424351
17727,2914.7366825904924
17728,2625.987571768589
17729,2248.334600770443
17730,2372.1955854830494
17731,2092.7909727869574
17732,2540.910235139427
17733,3245.290836456884
17734,2593.7617038009303
17735,2502.896202320426
17736,1965.716924709541
17737,2016.13644112345
17738,2259.4076532943245
17739,3657.7828972712023
17740,3229.7103936598082
17741,2759.2318305453573
17742,2578.411997640771
17743,2745.978358745475
17744,2667.8229404391577
17745,1526.875263994024
17746,3232.231931031218
17747,2357.8913613118793
17748,2285.988765481139
17749,2899.0646717441664
17750,2686.6229074163534
17751,2669.2806054311213
17752,2900.3754412861053
17753,2351.415163506372
17754,2239.235893084151
17755,2507.9262186173473
17756,1936.2193112002046
17757,2900.758394226227
17758,3561.667303013416
17759,2733.2136626332476
17760,1872.1286522777195
17761,1923.517880761807
17762,2810.5538389824555
17763,2865.594154687021
17764,2323.282709829683
17765,2061.9996470276865
17766,1936.5261922663096
17767,1974.9318535827526
17768,2219.1966342853366
17769,2535.3607087355404
17770,2403.331505465427
17771,2429.1043889315006
17772,3134.6126060754154
17773,2116.416113064179
17774,3531.5756505271893
17775,2889.7771948652116
17776,2042.4868017694898
17777,2740.786818633125
17778,2484.068601929549
17779,2069.662800320203
17780,2342.44389912062
17781,2768.4944762651376
17782,2125.011845670032
17783,2107.1356278964818
17784,2020.752930428369
17785,2247.969273668736
17786,2051.3498362902983
17787,2925.742831160196
17788,1859.139337098757
17789,1982.8550538377012
17790,3870.776941379404
17791,3553.7366168941335
17792,2278.1652596150757
17793,2102.3337111580463
17794,2228.104144955203
17795,2203.540252258106
17796,2957.5638052768672
17797,2537.5124143299186
17798,2978.2193189692725
17799,2331.5178957410008
17800,3026.4581075021015
17801,2716.0657214914704
17802,2119.2053502410195
17803,3356.57061127627
17804,3477.818672687093
17805,3744.371316143761
17806,2338.693488380951
17807,2244.3000889361915
17808,3396.2798047450933
17809,2040.0254567852562
17810,2502.0155613420748
17811,2389.748354594647
17812,3588.118217037134
17813,2195.148300561322
17814,1977.2907244899338
17815,2688.302899297404
17816,2134.3318407443057
17817,3129.6112475742475
17818,2766.033671538459
17819,2122.5388578598227
17820,1946.0607250244414
17821,2037.0431585853512
17822,2275.757286320156
17823,3184.428917784334
17824,3124.3971162588223
17825,2051.56237847637
17826,2027.4566365937817
17827,2644.050291896062
17828,2959.0717620032865
17829,2989.5703069492006
17830,4128.449643300231
17831,2251.3815728894947
17832,3368.6778807806186
17833,1942.9600152912897
17834,1921.8131419786632
17835,2733.6208292628517
17836,2533.492590975974
17837,2339.8016347203557
17838,2174.3068543185186
17839,3155.868949717379
17840,2600.9639258388993
17841,2663.301906014496
17842,2312.7111548033395
17843,3583.444235924837
17844,2215.8074639527827
17845,2976.9800726016356
17846,2947.8953362295615
17847,2487.346513055488
17848,2213.7014165609844
17849,2253.9560916085893
17850,1789.2484332295276
17851,2300.2068442271384
17852,2075.4378307391876
17853,3169.265192355376
17854,2233.6257793166988
17855,3590.3235223510696
17856,2650.085537986556
17857,2743.3992067137187
17858,2117.230406468437
17859,2003.677569796402
17860,2219.0831339987167
17861,2487.581412195314
17862,2353.167799557428
17863,2769.3232888484117
17864,1947.3364124220966
17865,2370.531767579115
17866,2260.816922010036
17867,1871.9172035271126
17868,1828.4105719202691
17869,2240.120042304823
17870,2063.3341371084307
17871,2760.7336205295046
17872,2548.8036296104474
17873,2024.280998873879
17874,3192.4075095639696
17875,1893.2129572557997
17876,1949.7280407243566
17877,2989.1166459278593
17878,3018.972812721514
17879,1922.3037291707237
17880,2733.6620363376264
17881,2454.5584809787965
17882,2208.044412742033
17883,2318.989609052842
17884,2111.1025417246738
17885,2490.9856927311303
17886,2154.561683994585
17887,1880.0136157651034
17888,2354.6733117005906
17889,2462.989768635551
17890,1568.853584692444
17891,2199.625485113329
17892,2487.316625937209
17893,2278.7676943979886
17894,2131.0960096273857
17895,1897.0427915533746
17896,2668.7210181006058
17897,2138.2143657952665
17898,2054.3894585195435
17899,2377.090932446256
17900,2641.7326949487356
17901,2269.6045876585276
17902,2237.783352322282
17903,3452.7342008005485
17904,2226.4173183625835
17905,2785.5079841124707
17906,2565.812059239555
17907,2664.7159579680842
17908,2380.370576322109
17909,2930.0010384895313
17910,3027.5218513337204
17911,3029.0934127542614
17912,2168.9032426829235
17913,2340.6754448614474
17914,3209.645999064105
17915,2630.0317909088562
17916,2640.2693653105216
17917,2235.7595071642595
17918,2737.668163410655
17919,1922.2946983949892
17920,3172.9139954871016
17921,2180.2401367631014
17922,2601.6494439416983
17923,2678.4402623390065
17924,2372.122086247554
17925,1972.6535452656803
17926,2676.338768961693
17927,2733.2475241898173
17928,3119.8528166937103
17929,3130.0630104948177
17930,2051.8632959078222
17931,2179.244137003357
17932,3178.4690562473643
17933,2461.652355735141
17934,2534.8539856117513
17935,2318.263978943315
17936,2327.4124315319173
17937,2058.9950985328196
17938,2780.2426467782534
17939,2257.4126448129846
17940,1868.976130108896
17941,2809.9021229973846
17942,2591.428191274592
17943,2278.6310588518063
17944,3657.230258463852
17945,1989.0253297588151
17946,3245.2321018759785
17947,1981.6928453250293
17948,2131.795520651178
17949,1897.1816546551277
17950,2329.7209353487106
17951,3150.3969214663894
17952,2513.541086473441
17953,2032.8216014382742
17954,2093.722531588849
17955,2458.735877239755
17956,2946.870879228516
17957,2151.427617945111
17958,2936.505985067959
17959,2329.7553863995645
17960,2218.580362034124
17961,3383.734083897821
17962,2196.5269237256352
17963,3166.33095609703
17964,2009.8471664404015
17965,2096.4314259038483
17966,1450.7786226560372
17967,1783.099739005681
17968,3442.4443455800165
17969,2739.0700857535458
17970,2000.101820908912
17971,1982.0403771680785
17972,2409.19626952953
17973,2679.642961028928
17974,1940.4762211696716
17975,2277.8282570461383
17976,2747.05505893921
17977,2071.6989432047567
17978,1993.2106516228769
17979,3339.820696605543
17980,3639.880662024897
17981,2957.751257067914
17982,2735.373477137513
17983,2219.4496691781283
17984,2103.7811707822552
17985,3071.0616204458443
17986,3193.277128215079
17987,2268.1227353617187
17988,2550.229957567727
17989,2507.5657560556533
17990,2393.380161890068
17991,2167.1329424945616
17992,1834.8048851555814
17993,2119.868410823295
17994,3364.6361864723185
17995,2542.335867930992
17996,2528.0240986385816
17997,2298.528754333601
17998,3132.4306365178
17999,2005.6607862301498
18000,2212.9257166369257
18001,3063.2542560734555
18002,2436.5274174484457
18003,3342.137840721241
18004,2253.287351332483
18005,3274.9808865621467
18006,2795.966538259757
18007,2514.2831869560387
18008,3715.1017547195643
18009,2369.050281375471
18010,3144.7862352581196
18011,2244.257874009015
18012,4405.712502909479
18013,2751.8912273212463
18014,4605.431308441525
18015,3583.7438211686317
18016,2900.32401904722
18017,2393.970104920559
18018,3311.5194835780803
18019,1917.7712028447015
18020,2785.3934256940174
18021,2090.270130312363
18022,2822.1588822246886
18023,1839.4044463497703
18024,2543.4013070147266
18025,1951.5898494477258
18026,2583.7130632341195
18027,2384.9810663763237
18028,2446.54278661864
18029,2723.5414166099863
18030,1877.2836678244967
18031,2254.0716349918475
18032,3161.6973213866177
18033,3281.9900440456186
18034,1802.094436521543
18035,2231.6031239416293
18036,2241.3840558479887
18037,3225.8964813724388
18038,2427.517641344965
18039,3394.0272535738122
18040,3282.428217766669
18041,2019.0280930661565
18042,3175.47686279167
18043,2183.1940495463637
18044,2137.299622416465
18045,2115.949815216807
18046,1744.8226308081744
18047,2137.6026768875067
18048,2809.785475277724
18049,2769.7699099569722
18050,3034.0502712106427
18051,2040.7792309015636
18052,2907.254356773231
18053,3676.5152300706623
18054,2650.4798041879376
18055,2388.2925820587907
18056,1846.7540548642269
18057,2711.2827863910675
18058,2402.67914132653
18059,2635.591915660939
18060,2515.634396798143
18061,2029.414594332854
18062,2518.382148396272
18063,3345.799659884706
18064,3255.7727927244687
18065,2748.417187282092
18066,3907.6550042981617
18067,3108.14687102394
18068,2198.471155384018
18069,2569.733638965281
18070,3241.496810522461
18071,2551.043659825011
18072,2104.679992285909
18073,2255.3187672989097
18074,2091.2308169696967
18075,2154.4567583913426
18076,2367.5672120843756
18077,2085.303266277227
18078,3137.40222216438
18079,2951.185720474945
18080,3974.7460440283885
18081,2467.3600924799302
18082,2431.7208274983013
18083,2670.6535394784705
18084,1923.5271283570378
18085,2385.717237619304
18086,3132.0766327135275
18087,2632.5610596864926
18088,2571.5862915766847
18089,2047.134330466926
18090,1658.532164915059
18091,2897.1152601308195
18092,3113.4468738632813
18093,3014.464908493647
18094,1844.2575474824127
18095,3329.7687925359505
18096,2086.4640202997543
18097,2444.434212599628
18098,1862.8231264730862
18099,3143.4384207415005
18100,2036.4548271717408
18101,2389.1465163944367
18102,2081.547852586536
18103,2436.4846911781983
18104,2145.754084488729
18105,2660.1035705301524
18106,2131.505092413876
18107,3892.158352634482
18108,2202.4205816188746
18109,2816.15802591793
18110,2298.520083224342
18111,2013.3047644796652
18112,2226.0327617331495
18113,2527.0691015990524
18114,3017.6623003321056
18115,2592.8602406321634
18116,3285.1201395268963
18117,1829.7314650954304
18118,2046.9762228748314
18119,2828.7259950118687
18120,2445.351924889216
18121,2086.8780548165214
18122,2248.4274359051824
18123,2318.6648267885776
18124,1971.17236837864
18125,2447.650987559297
18126,2103.5510263358515
18127,1922.9142684091335
18128,3045.3945428693933
18129,2429.8035179097474
18130,2285.371282976447
18131,2312.3273589974915
18132,2569.9828383333593
18133,2969.00486557709
18134,2191.3406457170977
18135,2883.2875181666977
18136,2701.0630871834346
18137,2462.0088639605783
18138,2114.700886558593
18139,1976.556214705293
18140,2217.726860717507
18141,2183.411545443949
18142,4048.051829335788
18143,2259.2560941846587
18144,3807.2848582865954
18145,3194.8425039362246
18146,1884.1035297552785
18147,2228.070616992804
18148,3818.489107881213
18149,2156.564806075293
18150,2043.8348661700172
18151,3071.9777090852103
18152,2375.5291991251192
18153,1941.5410488663547
18154,2572.9763095476073
18155,2253.2463540503823
18156,2385.5846900218567
18157,3111.29434477264
18158,2680.7162924504455
18159,1828.754914941399
18160,2388.3953346196686
18161,3277.8768933639567
18162,2434.80112353885
18163,2191.5963411171247
18164,2647.1839143107036
18165,2408.471042335639
18166,3985.0126449019917
18167,2273.918848910882
18168,2724.5621927328584
18169,2644.0613587777543
18170,3062.3107373754938
18171,2252.200897352253
18172,2333.8579903607797
18173,2562.2945997923443
18174,3084.938083101809
18175,2289.164096074635
18176,2861.024656017462
18177,2915.087433723894
18178,2484.5479861477215
18179,2530.7688823781928
18180,2968.4255188120214
18181,2359.101844766549
18182,2347.499288001712
18183,2407.333666398374
18184,2037.6842851692277
18185,2214.5583492874584
18186,1922.6833323680366
18187,1900.1170369291742
18188,2053.6446907439877
18189,3669.3326816641006
18190,2768.6096096571778
18191,2553.2248389423785
18192,2531.447485549201
18193,2573.3834034861934
18194,1866.4497279596071
18195,3069.9184849744133
18196,3015.693596152508
18197,2102.1943991558055
18198,2382.582559351559
18199,3064.6948969369814
18200,3491.0717007487037
18201,1987.1695871023935
18202,2627.122919892091
18203,2394.6537843179076
18204,2422.085636390945
18205,2356.5249464681056
18206,2853.894115008404
18207,3125.6807513264475
18208,1977.5623034273829
18209,2350.7016577993068
18210,2313.138766859648
18211,2335.090768517466
18212,2319.1453726889986
18213,2975.322393946197
18214,1833.1792407212372
18215,2896.4250809730656
18216,2775.3067079677685
18217,2301.2825355864393
18218,3350.810686510223
18219,2460.976673050238
18220,3378.687577266536
18221,2290.466298238827
18222,3018.1193706329386
18223,2094.7595952641477
18224,4218.14952381794
18225,3872.236785958831
18226,3232.7621147953914
18227,2162.01224683129
18228,2503.6955837264877
18229,1834.6295077413106
18230,3398.479320744592
18231,2499.6116726701907
18232,2331.1307684985204
18233,2136.5894334172845
18234,2927.0421687427033
18235,2058.487200514206
18236,2559.191365822939
18237,3220.7725003696933
18238,2169.6157263581695
18239,2362.119129339133
18240,2005.830687148718
18241,2861.119586399578
18242,3054.873467214985
18243,3124.761887129181
18244,2422.5467186957067
18245,2717.383390186367
18246,2657.4515164835757
18247,2983.1427079754367
18248,2560.3690302002788
18249,2486.929618078408
18250,3072.430930883821
18251,2078.376537146388
18252,3420.4453368404174
18253,1590.0587696534417
18254,1993.4522114028593
18255,1785.7405645526028
18256,3032.5323213141032
18257,2313.874849117027
18258,2712.9079497296684
18259,3837.252199790526
18260,2798.2747007224084
18261,2710.652005603215
18262,2076.6216719389504
18263,2081.592651823671
18264,2590.4467997658257
18265,3108.416890578157
18266,2672.693900845469
18267,2273.1367199688184
18268,1964.161818987258
18269,2259.612163340558
18270,3051.594809205058
18271,2246.6282668243093
18272,2216.185984113834
18273,2090.8605861453284
18274,2341.273505644058
18275,3631.874418510285
18276,2103.8112161549398
18277,3642.701249679184
18278,2469.466797730467
18279,1926.5374446348992
18280,1965.4611171156707
18281,2862.0326195558855
18282,3620.810673270305
18283,2515.6883952121007
18284,1917.944487223149
18285,1946.9825203751277
18286,2902.9384475398197
18287,2298.8102397730195
18288,1763.8171533309364
18289,2293.999029629421
18290,1938.5043104222816
18291,2734.688362523483
18292,3062.52414679053
18293,2265.784308370541
18294,2336.4066746090966
18295,3607.081695548565
18296,2183.2730628534646
18297,2903.665409930978
18298,2246.8375860846018
18299,2707.4963660865556
18300,3779.519943538073
18301,2682.0960462256917
18302,1852.8921517584167
18303,2908.73296895175
18304,1992.3986932169191
18305,2048.1765013456566
18306,3349.2888320949887
18307,2697.213311627969
18308,1928.723524167677
18309,1660.4847174627876
18310,3131.7561900539167
18311,3816.782638004929
18312,2485.5736866137186
18313,2915.54696804416
18314,3255.412195508677
18315,2015.3713277520787
18316,2211.2287474936074
18317,2597.9011125887746
18318,2347.6701186869504
18319,2577.2073227861156
18320,1974.3717235271065
18321,2435.931589799775
18322,2025.2751195432702
18323,2874.938460916096
18324,2086.2458042535673
18325,2087.714107102251
18326,2084.788736803187
18327,1928.3142296126935
18328,1977.7000416673184
18329,2688.268690920023
18330,3004.4808993570023
18331,1937.4934940901635
18332,3189.6727046431497
18333,2433.7487071684427
18334,3480.569538096312
18335,2552.1883659489567
18336,2811.562748009529
18337,2346.6323323239526
18338,3145.2574675159485
18339,2740.656071818051
18340,2168.92549021772
18341,2547.8890278532335
18342,3853.121909977559
18343,2436.0037407359523
18344,1908.823501915938
18345,2085.027794172277
18346,2368.240975816586
18347,2260.157774448033
18348,2554.710245265435
18349,2944.8509244180887
18350,2341.9237894206854
18351,3372.561080955757
18352,2647.9142644417193
18353,2004.8878099818612
18354,3186.2803019630555
18355,2293.094886669819
18356,3237.7568072064696
18357,2317.135804693914
18358,1965.3306232210143
18359,2642.205289710135
18360,3548.2383323560593
18361,2332.876638891989
18362,2917.2778432649275
18363,2002.1055024492553
18364,2723.4708314218506
18365,2163.717671222168
18366,2860.113234294766
18367,3284.567549127918
18368,2895.6568853650933
18369,2186.237277984927
18370,2280.852851459097
18371,2110.5763105786245
18372,2364.95220432414
18373,1969.6442150668704
18374,3325.61006448733
18375,3336.169370237373
18376,2726.4987677735103
18377,2142.2296821623377
18378,2444.0938545085896
18379,2173.535565712837
18380,2832.6590444232343
18381,3175.3917411456896
18382,2632.513023519781
18383,2754.342788134381
18384,2732.350774519512
18385,2528.5145251884005
18386,2695.5334539041405
18387,3424.358851730065
18388,2043.7315824008072
18389,2738.057373412971
18390,3533.3086785171454
18391,2319.451230437736
18392,2550.454814876887
18393,1851.7076346307754
18394,3165.9857420283315
18395,2079.9957598461624
18396,1535.2406832197703
18397,2181.015410131714
18398,2203.9976459098193
18399,2682.5056388577887
18400,1859.6554884888537
18401,3259.328138497273
18402,2624.253882547673
18403,2611.4413733621477
18404,2489.6693726118046
18405,2250.1236388050693
18406,4148.483905020235
18407,2397.905441859362
18408,3526.016606538213
18409,2652.147918875363
18410,2246.787633745539
18411,2173.943358623689
18412,3129.5112057258657
18413,2343.7726837307073
18414,3201.2701963860172
18415,2995.2443367522287
18416,2210.3427618960295
18417,2151.3748421017444
18418,2179.716644237441
18419,2023.6340016254944
18420,2643.216461032327
18421,2508.277841675813
18422,2613.877643566122
18423,2244.0150731212584
18424,1863.954546806914
18425,3318.2534928362747
18426,2301.7685792866887
18427,2547.865443623047
18428,2070.2843322352855
18429,3950.76243305143
18430,3110.2821223913215
18431,3318.2851889914828
18432,2157.53068404519
18433,2106.9448704482675
18434,2820.8296424646783
18435,2292.246713833135
18436,3385.0122368959437
18437,3068.892716897956
18438,2061.1796502648604
18439,2019.6550290589685
18440,2049.413714769839
18441,2217.2513298283147
18442,2114.333227689013
18443,2778.880971720175
18444,3123.8023248687923
18445,2105.038019994388
18446,2152.0355593074273
18447,3192.6484493949956
18448,2541.0344010513013
18449,1959.7666681875
18450,1876.906335403959
18451,2285.2683319689686
18452,2174.110089542334
18453,3138.735554148223
18454,2241.5454090983208
18455,2033.7340114885315
18456,2284.7838170932264
18457,2137.8426506219403
18458,3560.1524945766423
18459,3481.477222141267
18460,2055.7807051873738
18461,2657.8642066393168
18462,2203.2020957924674
18463,3222.3809866008996
18464,3116.813944604776
18465,2437.732830698775
18466,2299.728912927491
18467,2574.8057882728144
18468,2862.0499792905575
18469,2806.130032903656
18470,2625.8656490808394
18471,2243.133426782885
18472,2312.256334801965
18473,1954.209565281024
18474,2458.5504044210293
18475,3572.4526219384543
18476,2664.1038479533113
18477,1645.5041896345408
18478,2939.7271522584547
18479,2871.0794282199267
18480,2296.4950394846337
18481,2139.722005852125
18482,3504.228055199268
18483,2532.6837911953085
18484,2720.54896884306
18485,1875.4254554642798
18486,1961.9085899644467
18487,2076.0593862143314
18488,1778.6866905158977
18489,3218.454066892503
18490,3297.2085523842343
18491,3569.5986899023296
18492,2203.945576589016
18493,3657.330197758417
18494,2602.8811699417683
18495,3289.857272402196
18496,2025.8512998555875
18497,2447.397690442759
18498,2583.5733530134976
18499,2988.321665182192
18500,3723.3664483543994
18501,2772.241933305935
18502,2137.737491556177
18503,2295.823862544541
18504,2134.7600260315285
18505,2926.936120180475
18506,2351.9403179941796
18507,3285.7723588829544
18508,2690.7388518988864
18509,2285.7964775197634
18510,2451.4574998105736
18511,4260.907232950503
18512,2683.5994339406766
18513,2338.2060932481418
18514,2351.5502226011395
18515,2615.1287323624265
18516,3536.213395440959
18517,1951.033386802464
18518,2200.755113333282
18519,2875.1393339171423
18520,3215.298156846582
18521,2361.776131039316
18522,1492.1935226372007
18523,3642.6467319856447
18524,2746.578000946126
18525,2116.416113064179
18526,2020.0635270293476
18527,2589.4045790437776
18528,2153.0217203608363
18529,2094.620907302314
18530,2921.401147580667
18531,1905.238863428051
18532,3657.8506325126227
18533,2714.8057948989663
18534,1975.9349126680017
18535,2442.866246641005
18536,2535.0597805631583
18537,2572.331372572923
18538,3516.690445458925
18539,2272.813490640201
18540,2840.2421326529065
18541,1976.3585364570538
18542,3349.8185211404566
18543,2248.9108350192387
18544,2954.4805908279677
18545,2155.5713694163023
18546,2626.5462924563126
18547,2939.4451765872477
18548,3415.2048502375083
18549,2566.0457532591186
18550,3695.656488636625
18551,2670.0161072693227
18552,3824.4478194728576
18553,2459.1647053548336
18554,4467.915317373092
18555,2130.8785181755097
18556,3323.4978125836597
18557,3707.40086005153
18558,2867.4971858458994
18559,2684.1585100948623
18560,1214.6797974198118
18561,2175.509121178833
18562,2705.9662520626134
18563,2533.0171913200343
18564,2890.039696552756
18565,2360.563660071228
18566,2001.7415302380427
18567,2654.0847292119806
18568,2918.4988523685806
18569,2244.610672394212
18570,2943.4990491295284
18571,3071.1212959335444
18572,2478.3964028510827
18573,2589.593138098664
18574,3238.0487136908114
18575,3625.7738562078566
18576,2639.1584058608405
18577,2989.631930943393
18578,1818.2558999646872
18579,2733.9429372620502
18580,4418.693791922607
18581,2809.938851981946
18582,3447.609069489719
18583,2880.0628975234913
18584,2024.7137573487148
18585,2336.4827045026273
18586,3783.6259483928557
18587,2518.652662041724
18588,2691.0785035164986
18589,3205.7957230006477
18590,2720.9789280030154
18591,2241.5880272421346
18592,1828.27378900604
18593,2204.1617193697793
18594,2155.286284545214
18595,2533.212157187323
18596,2435.1347955513147
18597,3433.4856248140873
18598,2016.2902369061362
18599,3026.5008225137954
18600,1900.2369152379956
18601,2562.5237809127184
18602,3990.857142904494
18603,2580.9693521836934
18604,2645.5140865331496
18605,3038.8098790115164
18606,2574.8446205707914
18607,1962.7684585290058
18608,2038.4675543695282
18609,2756.1265613514024
18610,3197.710547596346
18611,2386.5716773423105
18612,3799.641895226481
18613,2426.431950593661
18614,2130.3614385656497
18615,1990.3123662809903
18616,2758.1790054115572
18617,3290.290667847597
18618,3004.8632571770336
18619,2694.996037140393
18620,2347.1833896829785
18621,2490.2745590708837
18622,2277.896240131113
18623,2229.203062545036
18624,2338.042783713662
18625,2475.6081274709513
18626,1876.9810860962243
18627,2071.7474320161664
18628,3305.680392951135
18629,3654.1601505649646
18630,2866.9503645134537
18631,2130.8476573213825
18632,2400.334338504548
18633,2611.7935220809336
18634,2422.855922211649
18635,3428.0604568890676
18636,2002.3484141626177
18637,3047.3657705074925
18638,2110.320502760661
18639,2426.0723963407963
18640,2608.496741747703
18641,1897.137627080429
18642,3530.3244947620083
18643,2134.8406054156617
18644,2950.4353846934346
18645,2523.3061485302883
18646,2348.3659290087326
18647,2914.9149692595247
18648,2547.948711464782
18649,2369.4206639470817
18650,1894.0092016265744
18651,3395.2130128095823
18652,2220.37132741032
18653,2217.1990759812097
18654,3385.0771618539948
18655,2724.209869532173
18656,2931.3542779602058
18657,2583.2624808209393
18658,2950.471711179207
18659,2572.9763095476073
18660,2786.183051247306
18661,2701.290044247912
18662,2656.446139287634
18663,1998.7788026727126
18664,3284.000287401599
18665,2164.6107469977555
18666,1980.2087525278719
18667,2219.4428758580852
18668,2359.600695027805
18669,2841.4352428577986
18670,2040.9139734874225
18671,2132.252287995073
18672,1456.0673182055962
18673,2572.57891493967
18674,2304.9530065168105
18675,2645.887751435483
18676,2641.8937247846943
18677,2327.9004769054486
18678,3162.910632898638
18679,2076.0279811082114
18680,3234.115796837951
18681,2211.684822468124
18682,2631.8041136219035
18683,2795.4970101605218
18684,2206.325435580012
18685,2709.952469733614
18686,2789.754830235946
18687,3116.1293265769687
18688,2042.6756050498973
18689,2236.8810826861118
18690,2253.3594943236963
18691,2057.870583122696
18692,2155.9366396268265
18693,3278.570672128752
18694,3047.501264015755
18695,2751.455503541531
18696,3449.7404100619915
18697,2426.051764398745
18698,3132.749643692129
18699,2148.6435809096365
18700,2075.670522639015
18701,2153.0618195322686
18702,3274.055484227013
18703,2422.2323103117915
18704,2045.3390539173815
18705,2099.651692321322
18706,2239.4381187204117
18707,1991.6804887935857
18708,2723.1551983392665
18709,2220.2452699014343
18710,2994.016108862538
18711,2795.9217424293565
18712,2639.3115892386263
18713,2888.136852184486
18714,2332.283644771569
18715,2595.8802787310915
18716,2328.4858769419725
18717,1589.1474485201416
18718,3285.93394608338
18719,2833.1236074639037
18720,3447.5835801313387
18721,3134.2531057143187
18722,2245.8474180207872
18723,3605.092467310822
18724,1986.817515698916
18725,2119.7915042549025
18726,2068.6115870293816
18727,3895.71056060127
18728,2906.256389763782
18729,3350.2734846390185
18730,2061.1242382499768
18731,2445.1375537414033
18732,2924.0588156413696
18733,2504.0282738993537
18734,2039.3306247993921
18735,2027.1565775836443
18736,2768.450532358989
18737,2656.1326135087493
18738,2041.9446130547042
18739,2735.459863855812
18740,2836.8398472874096
18741,3240.9006564408373
18742,1998.5952633133297
18743,2115.005495899572
18744,3127.191771731097
18745,3713.624275304219
18746,2106.215467620857
18747,3405.177172746543
18748,2588.5879949442406
18749,3778.0643364752937
18750,2520.5641204239278
18751,2793.9443073574
18752,2409.1128567229043
18753,3131.1143050525516
18754,3503.576886970897
18755,2375.5228235126892
18756,2251.7335607696605
18757,2316.582207759472
18758,2056.9854765638856
18759,2216.2111646799203
18760,2123.268327184335
18761,2567.4295774112447
18762,1953.462560626423
18763,2157.786014538414
18764,3815.292146923148
18765,2252.5638207416087
18766,3531.1435385322848
18767,2553.4161670337153
18768,2360.2294581502865
18769,2108.994850366968
18770,2111.364297497624
18771,2480.0982827346693
18772,2112.9585236993344
18773,2393.8906746196803
18774,1960.724169668155
18775,2421.3215198215566
18776,2605.9425448640372
18777,2341.3390155883285
18778,2072.191561457482
18779,2933.12058162012
18780,2731.9873775901897
18781,2709.902605706592
18782,2861.1766985598815
18783,2274.084200322739
18784,2536.725549256936
18785,2576.566638560338
18786,3186.823731578137
18787,3269.8869731380146
18788,3596.4776818773084
18789,4053.248486517918
18790,2597.804422695982
18791,1986.3404947391073
18792,1972.762808512493
18793,1975.2992028032454
18794,2029.1144029471284
18795,3381.040448364346
18796,1993.3363630600697
18797,2526.4449928401473
18798,3015.995686235213
18799,2766.47260260607
18800,3111.360806601792
18801,3072.2035918394104
18802,3002.7112110919415
18803,2321.2519239891185
18804,4382.435778204532
18805,4240.163585323252
18806,1716.3531849093606
18807,3275.100290991403
18808,2113.451455315372
18809,3324.2189008367363
18810,2009.9914936670348
18811,2335.8563464858144
18812,3804.6770465261006
18813,2509.3832697833154
18814,2498.1345167251256
18815,2184.4568978993257
18816,3087.4000663916713
18817,2668.8190683795783
18818,3093.252249742074
18819,2494.1886884069086
18820,2595.022600958753
18821,2774.078917003293
18822,2618.386591015961
18823,2348.5866081804315
18824,1949.60535632992
18825,2053.1861469585683
18826,3124.239126525744
18827,2014.7747401831532
18828,2353.2884144671248
18829,2807.0143322097238
18830,2232.0276862124056
18831,2154.373797466015
18832,3115.83903522906
18833,2495.009571818477
18834,3633.1928833341376
18835,1973.4139597972394
18836,3091.8656590131504
18837,1985.9741487576725
18838,3495.0889006049947
18839,3667.6080846680015
18840,2023.4477817193226
18841,4219.22416312018
18842,2075.9921744659387
18843,3530.3282496464326
18844,2911.7710590346915
18845,2305.9092066817693
18846,3132.845145118975
18847,2498.292087014272
18848,3034.082636563194
18849,2785.0586738484044
18850,2566.6474236519607
18851,2590.637723653619
18852,2512.914737194361
18853,2532.63671821156
18854,2335.9286602304032
18855,3669.721886658613
18856,2988.0249127775655
18857,2395.9185274462743
18858,2521.9338831127006
18859,2627.3044983187747
18860,2563.1753060457577
18861,1932.7240878499138
18862,1989.4190034040628
18863,2171.812039208547
18864,2846.313690529002
18865,2115.58718025478
18866,2146.6847112215028
18867,3014.6150553825614
18868,2303.3126693209106
18869,3122.7553269797895
18870,2284.6735908784967
18871,2139.5444744833703
18872,1948.462283474777
18873,2482.775462986233
18874,2335.8327287381994
18875,2008.9874625848547
18876,2398.2093753780327
18877,2901.9779741813
18878,2845.634783714371
18879,3069.160811311342
18880,3435.567734382
18881,2982.458172382499
18882,2158.848489179035
18883,3783.276298617082
18884,2047.7184435490676
18885,3301.446466169881
18886,2998.715122151033
18887,2261.999492052807
18888,3163.7159086353895
18889,2921.425974261586
18890,3360.9062630131975
18891,1685.5303268717869
18892,2284.6658981323903
18893,1555.9665693662823
18894,2215.132907845036
18895,3381.4668222376504
18896,3301.360142074456
18897,2230.930950968021
18898,1786.7043049136441
18899,3303.6346748235205
18900,2376.53438402587
18901,2211.980275610198
18902,2214.31233845997
18903,2332.030898896748
18904,2274.8228737626205
18905,2842.5697205180295
18906,3138.6800563888874
18907,4031.148331581715
18908,2964.8723122532683
18909,2084.4704574231255
18910,3281.696979704043
18911,3265.483211560258
18912,2422.711341966832
18913,1959.1946367366481
18914,2977.2857068850944
18915,2418.451455861665
18916,2216.596250308361
18917,2423.236814123261
18918,3335.0764719212048
18919,2880.18754126204
18920,3151.985552479502
18921,4312.92910460192
18922,3643.7452385268743
18923,2913.499864937514
18924,2384.463820964964
18925,2656.218323933301
18926,2052.166762962347
18927,1883.0836594716018
18928,2340.7873555209435
18929,3222.412602803828
18930,2506.2148622045925
18931,4518.809972674321
18932,2292.9820434271664
18933,2669.489659250748
18934,2023.180709024119
18935,2459.185331351961
18936,3261.097790438337
18937,2419.784487789737
18938,2276.519680962245
18939,3049.4692278571238
18940,2588.820730330864
18941,2244.80254773795
18942,3685.834643358618
18943,2612.0681157424237
18944,2566.1592152151743
18945,2945.8384449877567
18946,2836.2861229270916
18947,2201.5179267031785
18948,3485.605787790623
18949,2169.604737176028
18950,4202.345626286142
18951,2533.434402604284
18952,2561.68786936223
18953,3713.363357118701
18954,4195.091934770525
18955,2396.7791279485373
18956,2708.1139045923296
18957,2629.570196942475
18958,1936.06648338479
18959,2794.027067811666
18960,2341.7568318301137
18961,3179.021859737226
18962,2592.0266805879396
18963,2958.9592253803603
18964,2308.387654983204
18965,2950.124523299578
18966,2002.59742583596
18967,2259.3041329777893
18968,1979.8641974770148
18969,2795.21873960936
18970,2438.3737925332875
18971,2193.2261579652454
18972,2565.2574382085586
18973,2133.1051827403166
18974,1854.0303847863097
18975,2897.213634980874
18976,2253.0604625342958
18977,3206.019742053736
18978,2485.531275505169
18979,3142.286628431135
18980,2614.8223858744877
18981,3315.524535218357
18982,2765.872693566903
18983,2541.7519237489146
18984,2569.1401903147225
18985,2584.9306685068236
18986,2396.0383274307746
18987,2347.1546444098453
18988,2559.4738696917047
18989,2697.468959698001
18990,2187.425935976087
18991,3482.094491954213
18992,2034.3848176838578
18993,2214.4212294300587
18994,2864.0565625810714
18995,2868.6116942962963
18996,2211.013584857095
18997,2211.468380244464
18998,2692.8438106978824
18999,3551.8675032455394
19000,2248.025882257757
19001,2281.6550137759587
19002,2578.605995822204
19003,2281.15315277688
19004,2857.0141151495072
19005,3047.4248296620353
19006,2744.3255765855274
19007,3812.4980455274845
19008,1909.1287844183917
19009,2286.0307554077262
19010,1864.0061956397751
19011,3508.4983514602022
19012,2228.1556893307184
19013,2090.898087515033
19014,2391.846224653431
19015,2934.5413902587206
19016,2405.9762276621386
19017,4009.192007313066
19018,2864.0770748602004
19019,3739.995874661543
19020,2492.6121331054
19021,2282.3819038371216
19022,2247.0200344507025
19023,1819.7210513434102
19024,2348.5352437772494
19025,3674.8722704437414
19026,2516.7930896565417
19027,3693.9656692922963
19028,2844.0953360920166
19029,2370.1120445451925
19030,2583.4734281537458
19031,2829.571541407246
19032,2432.489754070019
19033,2221.076480206848
19034,1763.5237888986553
19035,3235.2121359036564
19036,1994.8238058827937
19037,2228.5283857942995
19038,3159.058938491754
19039,2015.7154814699188
19040,2599.7559188268924
19041,2613.665379390376
19042,2738.877214550463
19043,3114.7716113712895
19044,2735.3864516579015
19045,2191.1812078310604
19046,2773.587828528849
19047,3916.88168822263
19048,2512.98562426051
19049,2259.263238029457
19050,3634.5362109931098
19051,2438.1581912873585
19052,2685.159229374399
19053,2761.3653132747586
19054,2215.8271377714586
19055,2226.136495265911
19056,3618.3105371241045
19057,2452.0537713828944
19058,3165.0161066753917
19059,3569.2281215944317
19060,2043.1898642517367
19061,2029.0526520649908
19062,2674.186064585545
19063,2034.4950756726116
19064,3200.009184564253
19065,3124.8421315158257
19066,2968.919653752075
19067,2151.6896386624585
19068,2259.373434904489
19069,2810.6282798106
19070,3463.1595238474865
19071,2293.5504052083647
19072,2488.7331621372223
19073,2364.231043152256
19074,2390.16504036642
19075,2596.604699688587
19076,2257.1505669171565
19077,2406.4199097360893
19078,2901.0948931887797
19079,2684.8912564334505
19080,3198.4711933490635
19081,1652.5427414894098
19082,3057.667215035623
19083,2194.5253313234803
19084,2598.132832934303
19085,3370.3792859106297
19086,2438.5342449401774
19087,2282.989850626392
19088,2368.878040966233
19089,3247.1680265678942
19090,2182.5139388861926
19091,3434.7074290956043
19092,2231.088528599782
19093,2456.028389460294
19094,2075.807270935431
19095,2178.7919049338016
19096,3606.4749830357296
19097,2181.397633620199
19098,2138.840993966042
19099,2573.2402731740212
19100,2082.331104773503
19101,3787.724304301594
19102,2611.746106354867
19103,3060.3646180183155
19104,1987.933597386608
19105,1885.6633367609738
19106,2395.4141396964387
19107,1860.1238821949216
19108,2161.352279642686
19109,2582.9929821787296
19110,2153.106371702277
19111,2832.167301821082
19112,2737.966272580853
19113,2729.587286671911
19114,2803.098785743628
19115,3138.841852450031
19116,3123.583498634456
19117,3401.8323149575663
19118,3287.538210358346
19119,1971.694385041093
19120,2226.060835022256
19121,2029.6719142254146
19122,3077.695809418207
19123,2112.555783507548
19124,2631.009821262017
19125,2998.590699530575
19126,2558.110964113088
19127,3093.1977388107134
19128,2238.211366248246
19129,2820.5282278923896
19130,2832.353671559723
19131,3390.4130369955456
19132,2213.9087669562373
19133,2501.667783446105
19134,2226.61334852496
19135,4083.095994994495
19136,2836.9013819466427
19137,2962.3301039636217
19138,2097.3310153862426
19139,2393.7676414913503
19140,2004.340555812363
19141,3568.4089101662594
19142,2464.837313662143
19143,2996.60062243617
19144,1965.777613816618
19145,2286.816411979118
19146,2732.712229080832
19147,2145.961704034022
19148,1906.8219446384214
19149,2448.022767523194
19150,2216.7619422497555
19151,2616.840641770048
19152,2603.960852788944
19153,2364.829960133464
19154,2159.219795847744
19155,2868.987597762816
19156,2302.799276032747
19157,1852.4584192977986
19158,2979.850242577648
19159,3535.504053294093
19160,2595.0312940718645
19161,2528.465924470719
19162,2966.7687741447244
19163,2866.34235861072
19164,2036.7212283487281
19165,2476.593962856083
19166,3630.40639613636
19167,3165.5780875489163
19168,2476.153128609667
19169,2664.738614934332
19170,2103.0625966855023
19171,2142.1557531873923
19172,3228.937752435075
19173,2480.0333723030585
19174,3339.7600495820952
19175,2383.5094490332576
19176,2757.2491935937796
19177,2028.8818600852674
19178,4685.691360152104
19179,2041.8848610387681
19180,2659.0548467341114
19181,2913.8468325550703
19182,3598.143429409863
19183,2689.486976018431
19184,3287.2632234701578
19185,2184.774013235118
19186,2168.3121997928283
19187,2181.140141333853
19188,2009.625718638813
19189,3456.297018968672
19190,2055.8171575566603
19191,2408.9807606062195
19192,3042.499975357082
19193,2144.7158845990966
19194,2457.22568853064
19195,2171.8026653485585
19196,2351.79492484229
19197,2529.53089772993
19198,3231.943219738548
19199,2111.1198807421592
19200,2438.5586230285603
19201,1950.9450750626083
19202,2094.321367463115
19203,2246.8375860846018
19204,2814.9938207150667
19205,1954.0028600836786
19206,2907.4464529368615
19207,2157.2433141034453
19208,2854.177086606129
19209,2393.222405389193
19210,2935.6213763041724
19211,3080.705816532368
19212,1830.6795906654488
19213,3105.6287107764156
19214,1780.910561936007
19215,3286.402125719575
19216,3008.40039708741
19217,3588.934934692853
19218,2468.386693939935
19219,3129.713941752324
19220,3314.2229018720277
19221,2091.6893395952866
19222,2404.288291136141
19223,3853.5924121662733
19224,2816.501056473027
19225,2503.837520757296
19226,2304.069583325064
19227,2343.763741443622
19228,3249.5894392608534
19229,3495.726669906782
19230,2513.91553128795
19231,3855.408870169146
19232,2224.911667239521
19233,2592.4945130295173
19234,2241.939016460673
19235,2303.6039760429785
19236,2324.7117008254745
19237,1632.9804105197645
19238,3021.161626689017
19239,2653.2665447145664
19240,2214.153208187314
19241,2313.5788429508784
19242,2507.9225186391645
19243,2342.8233444163175
19244,3360.1415924065705
19245,2444.528085914998
19246,3374.0954500902926
19247,2781.5601510199976
19248,2301.2971786685785
19249,2082.692390930033
19250,2085.096369853137
19251,2246.6644959483883
19252,2059.0145185918973
19253,2535.733897502364
19254,2633.165880212045
19255,2513.09534426739
19256,2477.66485145832
19257,2543.792397242448
19258,2478.9197101193877
19259,2126.8444545038756
19260,2106.1750783771404
19261,4546.028859660513
19262,3116.454673913582
19263,2035.63111588856
19264,3212.8176730140403
19265,3267.0722939051507
19266,2554.858483855403
19267,3163.7438650860913
19268,1994.156356175286
19269,1917.3687665010302
19270,2500.103681286244
19271,2167.052797141334
19272,2006.8105966743678
19273,2443.9641134730873
19274,2887.7640166826986
19275,2971.541879229042
19276,1900.7478357336613
19277,1982.8021205770206
19278,3543.8194354156285
19279,1881.3121815021545
19280,2308.1448864936374
19281,1829.8664407902218
19282,2319.082789063663
19283,2341.1099295649215
19284,2252.2467621911146
19285,2503.8446136294515
19286,2402.15937247907
19287,1828.0922919667703
19288,2634.195360626557
19289,3292.717670076332
19290,2918.7313336002894
19291,2172.9218498465375
19292,2971.361341217864
19293,3164.8300429793585
19294,2845.287916174657
19295,2794.2381696673024
19296,2633.5044235651258
19297,2172.8913003785065
19298,2262.162170794817
19299,2325.921724189565
19300,3601.573452675878
19301,3422.508610614379
19302,2955.6542878568803
19303,2085.593260713828
19304,2385.6202602445233
19305,3113.732199757094
19306,3153.262301534477
19307,1958.8015197226766
19308,2504.7259654973927
19309,2788.9865539894
19310,2407.9404521204615
19311,2041.2713103508681
19312,3042.276174994553
19313,2612.0451110339927
19314,2703.93992148204
19315,2795.5571189919137
19316,2679.6542280487984
19317,3419.0207128924817
19318,3511.443882624012
19319,2705.883079137403
19320,2914.205105604414
19321,2889.6113422576072
19322,1973.2526657424946
19323,2128.110745461536
19324,2621.111707862091
19325,2091.0094068379103
19326,2802.5596548243075
19327,2695.798490659625
19328,3236.547149058545
19329,2170.2382221335383
19330,2129.1491792408638
19331,2229.4659244736768
19332,3541.931320994958
19333,2044.1357539733322
19334,2152.417095278888
19335,2218.81013702598
19336,2377.3313665789346
19337,2973.8734520968837
19338,2172.3944191991077
19339,1909.4081543396128
19340,1983.5671668151808
19341,2707.5364398923584
19342,2639.070249214319
19343,2367.7829936903727
19344,2008.9072715349726
19345,1939.5774999784167
19346,2359.632197611631
19347,3105.178454680761
19348,2874.708288536608
19349,2418.5089921494996
19350,2000.0271589175015
19351,2032.667828584611
19352,2765.072077404762
19353,2415.9736190245485
19354,3285.8878656549305
19355,2572.2239393487544
19356,3338.614021674385
19357,1909.7363744583818
19358,2217.550391739709
19359,3046.1099412136855
19360,2491.765906746337
19361,1983.8828421452968
19362,2065.651811055151
19363,2195.3256164016657
19364,2782.576952003884
19365,2193.979159703912
19366,2319.928412907454
19367,2208.735990907383
19368,3674.91748472784
19369,2499.851697331536
19370,2443.8787612246256
19371,1889.1463137381004
19372,3011.938621628042
19373,2478.008901378913
19374,2331.4570314999683
19375,2162.302709732487
19376,3252.880119867724
19377,3185.568163197188
19378,2284.7721481922954
19379,2378.628559909092
19380,2211.929426726386
19381,2315.245534944614
19382,2243.8523902748684
19383,1972.505156294344
19384,2992.2664870687872
19385,2473.322150177318
19386,2278.988838417941
19387,2610.8976101766825
19388,2961.2168359088355
19389,3619.9349102799733
19390,3300.1535596763856
19391,1928.046610476862
19392,3147.9380553803117
19393,3222.573621793598
19394,2249.022728463292
19395,2503.377996587249
19396,2304.9978932114113
19397,2123.259001436447
19398,2370.634780555358
19399,3579.8573233745274
19400,2454.323665794587
19401,2088.0087903409285
19402,2531.188241515299
19403,2279.68128729492
19404,2528.6634017733013
19405,4407.352876670356
19406,2432.644204146418
19407,2137.5318820011603
19408,2488.7090894382595
19409,2484.436131666952
19410,2844.6041952850524
19411,2653.9283738816034
19412,3513.3306124271876
19413,2778.8161030938218
19414,2918.5131142545815
19415,2850.6250054008656
19416,2180.088500713739
19417,2967.053567298601
19418,2799.599723261568
19419,4028.50690675601
19420,2131.943668120708
19421,2196.245020805399
19422,2197.056482935291
19423,3766.681823222305
19424,3586.214410869215
19425,2150.492946972514
19426,3195.0496554166057
19427,3212.487698316191
19428,2573.3069529308846
19429,3566.331290591361
19430,2361.475854577386
19431,3326.3554256588523
19432,2723.2680587945097
19433,2407.4386180291795
19434,2074.5647940351555
19435,2205.107862038589
19436,2382.8913781348833
19437,2288.771302108302
19438,2759.7454267055427
19439,2545.1920366756685
19440,3373.396556418672
19441,2554.43976652575
19442,2658.3566123554765
19443,2627.6278381823713
19444,2085.5025720459575
19445,2712.589787873466
19446,2289.2196571509567
19447,1721.6367918275832
19448,1829.1071330877585
19449,3233.4212335299135
19450,2564.678525962705
19451,2639.949842503661
19452,1979.5759774610551
19453,2824.434420734323
19454,2011.625169411447
19455,3124.100760826773
19456,3168.115357860912
19457,3153.6720014366056
19458,2214.4680758506897
19459,2808.6026040473234
19460,2200.0489980289585
19461,2304.852002704308
19462,3196.184447369211
19463,2454.5663813080537
19464,3059.383508635591
19465,1966.3084298641938
19466,2061.7040335040624
19467,2472.118725008877
19468,2176.817915085405
19469,2799.9886811977703
19470,2255.705771986255
19471,3375.8142244587434
19472,2084.3007238459777
19473,3095.7741746400225
19474,3594.3937878824026
19475,2649.557757276393
19476,2353.053181393518
19477,2028.8641779982845
19478,3112.28461104685
19479,2895.1877888236604
19480,3166.6954445049037
19481,2163.0407794666235
19482,2204.4682985539416
19483,2149.1564698815578
19484,2446.4572317888324
19485,3106.810774539288
19486,2630.8423674609985
19487,2136.8079812044552
19488,2208.2548294249773
19489,2129.09646605016
19490,3246.5418070197716
19491,2461.725823722176
19492,2394.771281647537
19493,2945.000206112197
19494,2859.3804939953766
19495,3141.7976257696673
19496,3429.337740140499
19497,2253.422437362001
19498,1935.9579095533609
19499,2217.0066762724305
19500,2065.490605305956
19501,3493.4437955800113
19502,2152.5603516790525
19503,2060.3285925412883
19504,2028.347921413556
19505,1980.355708645934
19506,2524.011572444201
19507,3279.2594599758427
19508,2138.819969736812
19509,2321.275930891299
19510,2186.2603153708155
19511,2318.4121910651875
19512,2059.6222633222624
19513,2180.5953397978824
19514,2247.9363285247505
19515,3386.9006293692833
19516,3351.864920576484
19517,2774.605828754934
19518,2134.326519196989
19519,2128.0624671360565
19520,3311.4676800780226
19521,2213.279415298446
19522,2878.9027737477736
19523,2625.8523280410345
19524,1970.0613407948904
19525,2126.0545646342957
19526,2125.896743806291
19527,4624.337886568692
19528,2353.6375261759117
19529,3605.9615551534985
19530,3269.4155807175166
19531,3134.721585736599
19532,2213.7336429058114
19533,2631.371979926519
19534,2894.1496824821766
19535,3367.1465581218145
19536,3565.587084274901
19537,2460.8218727638196
19538,2473.235791553432
19539,2847.9337881454603
19540,3177.1958264619925
19541,2079.955884395608
19542,2456.8407029019454
19543,2409.839615055378
19544,2574.658136294058
19545,2097.4919259778667
19546,2175.376219704979
19547,2492.1148023303294
19548,2175.3965797339006
19549,2500.6694091623403
19550,2222.0946733952405
19551,3223.7839543942628
19552,2448.4053182456473
19553,2958.555516712966
19554,2017.9856381404413
19555,3596.2026211773464
19556,2253.133223612321
19557,3290.2377089415795
19558,2448.0728167044444
19559,2619.822314432039
19560,3103.9373984908284
19561,2190.4881443221097
19562,2341.1083013445736
19563,2437.3054564835256
19564,2887.5456802295125
19565,1857.7835343373945
19566,4422.228149836653
19567,2072.0864998016978
19568,2919.115256991233
19569,2283.7297214904756
19570,2268.236539376195
19571,2508.9287233303294
19572,2315.585774761625
19573,2268.475791115712
19574,2289.1378964401533
19575,2418.5898959999085
19576,2493.8433394159456
19577,2584.8630973737554
19578,2627.1165415611226
19579,2386.166784995431
19580,2798.945033991266
19581,4570.392698329203
19582,2513.815221869173
19583,2251.881057560724
19584,2357.476228732099
19585,2332.16711707073
19586,1881.9551724504022
19587,2155.1300983549654
19588,2789.985656285153
19589,2395.815088728392
19590,3274.6621298667833
19591,1862.6152291226808
19592,2261.2765144083346
19593,4132.271040080063
19594,2988.464080934006
19595,2263.7041387015984
19596,1963.5602095527584
19597,2430.7619508597136
19598,2366.7420732456267
19599,3144.199482181763
19600,2735.5970994204954
19601,2023.770209151281
19602,2376.86213919362
19603,2086.268835705845
19604,3420.8647042027746
19605,1410.009928453083
19606,3229.2713254828377
19607,2769.3871985634323
19608,2139.1541849187633
19609,2485.7305368893476
19610,3426.0628566244754
19611,2075.830804648609
19612,2366.4439325814446
19613,2555.3016356835806
19614,1836.3306467820862
19615,2537.267064646846
19616,2207.8492393864635
19617,3433.7753820558005
19618,1407.2972079328679
19619,2186.9470081952536
19620,3324.10693275171
19621,2293.197728743228
19622,2390.383592616517
19623,2980.3653226588767
19624,2329.514479909612
19625,2528.3197689014755
19626,2253.425082604874
19627,1981.8927196187783
19628,2197.8770981513007
19629,2155.12821871075
19630,2347.679076588531
19631,2194.5028842776655
19632,2096.1183264845104
19633,1579.1969595054056
19634,2202.6411840286837
19635,2232.726177937282
19636,2321.651755099635
19637,2299.732965590878
19638,2633.0639621078826
19639,3540.526437689448
19640,2792.3133273113426
19641,2685.92075021417
19642,3046.6083526030734
19643,1814.5468648488
19644,3041.635263508494
19645,1887.5463895086111
19646,2315.7872062415936
19647,2485.1589762995463
19648,2012.5322302406432
19649,3033.67333972008
19650,2197.4676668534476
19651,3959.6231988972513
19652,2218.5717496204907
19653,2187.561023797808
19654,2784.412962539742
19655,3210.0506292145856
19656,2705.6015770793556
19657,3795.346501959737
19658,2615.7849244643958
19659,2810.718699405513
19660,2534.0594660454626
19661,2190.429112184059
19662,2051.1268604961497
19663,2516.519435630901
19664,2713.9510864608696
19665,2071.640425076063
19666,2230.9072357997206
19667,2548.6073210059863
19668,1829.7314650954304
19669,2374.0660729852275
19670,3039.9827737233363
19671,3045.813334767605
19672,2296.205784964107
19673,2419.793480815899
19674,2402.9550945658643
19675,2428.3525921904843
19676,2904.323310978404
19677,2139.176186462496
19678,2859.431184537601
19679,2583.60883937647
19680,2423.639665222333
19681,3278.6614880992383
19682,2179.4688339716995
19683,2032.8913830229208
19684,2227.0667452309376
19685,2063.10092016997
19686,2463.1369126477794
19687,3366.685206439216
19688,2139.230141228659
19689,2554.57242597089
19690,3028.0098285415907
19691,2038.153486308801
19692,3316.1317211854875
19693,3249.272880136825
19694,2325.993397680755
19695,2246.252965161839
19696,2170.430863124737
19697,2736.7894965371534
19698,2433.555296583318
19699,2517.777175795415
19700,3021.5980846858206
19701,2024.4129312691432
19702,2603.432250575307
19703,2184.5165012984594
19704,2586.3534112683647
19705,2173.5479831164016
19706,2402.0293162912762
19707,2488.92818393715
19708,2393.4486509931794
19709,2623.687650791815
19710,1844.4434994757862
19711,3154.830382613205
19712,2674.5755668808574
19713,3756.3674545661024
19714,2318.280478765044
19715,2979.8821319552735
19716,2317.8192518520145
19717,3246.136948720287
19718,1931.413081100371
19719,3135.6793862308123
19720,2525.698586502399
19721,1867.779831738061
19722,2137.713719278817
19723,2832.291841529178
19724,2917.720996338762
19725,2989.8253177294037
19726,3753.723058867399
19727,2001.1454764640628
19728,2616.472870133305
19729,2394.1126229298857
19730,2837.8536642544573
19731,3176.1847149206824
19732,2008.5807152372086
19733,3070.042771284848
19734,2422.6561213114583
19735,2852.6767912169867
19736,2853.8752110370374
19737,2115.829270815988
19738,2536.2503365742205
19739,3874.5175579964225
19740,1875.843459120239
19741,4436.45839031662
19742,2462.0086718072394
19743,2505.654964036904
19744,2294.674753456742
19745,2224.2745816893535
19746,2274.6046497161124
19747,2188.6830409425024
19748,2780.7009282574313
19749,2007.274162295269
19750,2319.152030032995
19751,2446.1685665171785
19752,2262.940778430642
19753,2090.517665827346
19754,2838.1718104415277
19755,2039.5044992177477
19756,3688.4906139090626
19757,2240.196428175821
19758,3106.4465945140373
19759,1731.6821155239743
19760,2154.721550082023
19761,2338.3329067805926
19762,2392.2806394435092
19763,2069.677177583538
19764,2277.056910733328
19765,2258.5826996097876
19766,1928.1805760748775
19767,2403.6878046583806
19768,2705.600420018109
19769,2009.0374815072678
19770,3179.8129284915194
19771,2935.3178946450453
19772,2549.3641363351617
19773,3120.430680080473
19774,2209.2361329982914
19775,2233.9684663069556
19776,3571.7354234627132
19777,2141.3069905960324
19778,2927.0019609037336
19779,2505.599344266686
19780,2554.5037747345327
19781,3183.8056384321044
19782,3024.1214666796077
19783,2421.313602822767
19784,2539.775698883352
19785,2354.4041887803864
19786,4519.588760044667
19787,2382.221357032641
19788,2229.774638669927
19789,3336.1166034791067
19790,4022.8108694096895
19791,3889.751284379722
19792,1460.6343894376168
19793,2777.916581850335
19794,2183.1940495463637
19795,2459.5350162372933
19796,1944.9337867795816
19797,2252.19098995794
19798,2493.1283567464975
19799,2987.8624429286256
19800,2374.938728754065
19801,2903.509984304513
19802,3077.167367728896
19803,1823.3598809333123
19804,3252.6689409819332
19805,2085.4745793186016
19806,2443.823698402074
19807,2112.920818178627
19808,4068.6476558370427
19809,2411.1814397150183
19810,2030.3695039540016
19811,2317.9922912800357
19812,2208.517791609504
19813,2827.602647976498
19814,3768.05832375552
19815,2649.3875402859167
19816,3001.2332057467447
19817,2145.340856561934
19818,2151.7490927411773
19819,3315.091277274484
19820,2969.0593626126224
19821,2054.1934964823945
19822,2261.5121371058694
19823,3234.473160567732
19824,2115.350570815185
19825,2359.210500084538
19826,2952.2878851969226
19827,2858.0617361333534
19828,3170.327538527562
19829,2379.4739590241097
19830,2328.037134989248
19831,2860.525132095294
19832,1967.5387530594685
19833,1836.9835874363614
19834,2299.9793207169896
19835,2360.18215087883
19836,3282.564434239744
19837,2392.501740032337
19838,3505.8668505761416
19839,2062.014172648181
19840,2862.962560004553
19841,3098.4784435022398
19842,3467.117051572106
19843,2828.275084157991
19844,2659.8364498643155
19845,2243.9262377704104
19846,2400.8743410853176
19847,2102.9712076938104
19848,2653.3987528204543
19849,3157.584265732686
19850,2686.8358983841745
19851,2379.837980017511
19852,2160.8291191313215
19853,3381.4887484866367
19854,2487.3821339485053
19855,2276.4195663938003
19856,2310.3698859766105
19857,2252.196488233429
19858,2278.1652596150757
19859,3909.5724790939958
19860,1879.1810329085095
19861,2225.9741590148105
19862,2982.5978882214667
19863,2701.18239259405
19864,4561.070935916916
19865,3318.965665170642
19866,2702.2546520574488
19867,2956.5399486559218
19868,2333.5643457544343
19869,2370.2657254466535
19870,3219.03086344809
19871,2283.2918809634066
19872,2633.376571587327
19873,3082.1958416443954
19874,2329.900937739667
19875,2292.1968139697783
19876,2122.193939540304
19877,1913.560640843584
19878,2339.4930374443925
19879,2848.238214759019
19880,2916.082628743153
19881,3259.9269863612426
19882,2351.5944891693734
19883,2613.588911875925
19884,2991.9216228338382
19885,2455.9106341954557
19886,3626.2364472582967
19887,1896.1282820698966
19888,2513.461406125745
19889,2187.3968372838385
19890,2512.182933730942
19891,2069.4862526757515
19892,2241.6857083767263
19893,3308.8976484720874
19894,2564.586804672183
19895,2922.155266038644
19896,2264.632237296736
19897,2994.443992107347
19898,2097.3055239947666
19899,2590.4342350000893
19900,3274.259181429894
19901,2278.3812225618167
19902,2432.757626962181
19903,2299.346328250502
19904,2114.879462189904
19905,3018.663619324898
19906,2147.7381661107747
19907,2473.49137977343
19908,2399.80352577795
19909,2927.085798259255
19910,2624.608029944925
19911,3126.5607830573827
19912,1896.7497257977511
19913,2980.000405185827
19914,1966.5912878993588
19915,3183.479907793158
19916,2149.295615124406
19917,3008.722687767565
19918,1828.856211774042
19919,2650.500174848327
19920,2689.7480524255116
19921,1915.8585178515928
19922,3334.024668085342
19923,2662.5218602346613
19924,2396.7925721791535
19925,2225.171019910036
19926,2653.665101795952
19927,1899.608880811555
19928,2456.57267815458
19929,2206.068904158179
19930,1927.32857220011
19931,3263.896166130434
19932,2795.598800241044
19933,2187.2022105883075
19934,3466.815794342463
19935,2541.748684331454
19936,2845.106454640557
19937,2008.9591916205536
19938,2055.983208926459
19939,3014.014739642592
19940,2091.0746054134083
19941,2019.7224456325382
19942,3691.509727886528
19943,2361.8936886699107
19944,2005.025876145885
19945,3067.5345757818077
19946,2516.1734165754588
19947,2385.449586358764
19948,2593.2242436584347
19949,2412.1137907944103
19950,1984.5734467160742
19951,3281.014005994147
19952,3336.9534969878127
19953,2823.48538131924
19954,2091.322095944423
19955,2043.9290969506346
19956,2154.3352221066175
19957,2211.507735351329
19958,3247.3074664343535
19959,2046.7877087616012
19960,2292.6105505969263
19961,3166.3808948518194
19962,2550.8928856256334
19963,2948.436289902326
19964,2899.849396736103
19965,3346.6053693720905
19966,2382.0805538214354
19967,2794.7181506806064
19968,3322.1081854657878
19969,3077.022377289836
19970,3227.6546071751923
19971,2461.8351151278503
19972,1886.0914403656893
19973,2526.848638849671
19974,2678.197911512276
19975,2410.7393345343803
19976,2503.576953932906
19977,2437.400181160664
19978,2347.9223943509182
19979,2573.039728561649
19980,2111.7053512851007
19981,1795.784432320712
19982,1903.0375616302013
19983,2401.732599443031
19984,2473.808574666279
19985,1939.234350620687
19986,2979.1462927960815
19987,2351.481152992234
19988,2564.0676576269743
19989,2233.8774059623365
19990,2406.2903340718226
19991,3528.6056773955734
19992,2704.8785176772703
19993,2200.027801012735
19994,2927.087577488798
19995,1981.2620354537682
19996,2118.791931376547
19997,2932.359869410092
19998,3009.2565422731896
19999,2819.5266460048397
20000,2698.2067682771003
20001,2688.9689573545456
20002,2578.400307058442
20003,2537.835490628145
20004,2622.294384410162
20005,3460.537530273259
20006,2670.706233252613
20007,2316.754969016244
20008,2857.686963030811
20009,1980.2872666381952
20010,2174.04942538232
20011,3232.6285499094274
20012,2684.2603153244345
20013,2254.439044939853
20014,2458.341822629885
20015,3711.534069439474
20016,2427.5295527630465
20017,2118.902808589134
20018,1984.8580623232792
20019,2186.9246531168737
20020,2726.8505414304773
20021,2169.207515050979
20022,2669.1071902677822
20023,2118.8800544951837
20024,2869.9191453428048
20025,3338.892042049363
20026,3001.118199847018
20027,2579.561167154451
20028,2826.8604966855755
20029,3348.0976389412817
20030,2623.5433083520948
20031,2974.091481183299
20032,2620.6119902245264
20033,2210.262590800385
20034,3997.324716814501
20035,2002.015702546144
20036,2468.328353880097
20037,1916.3280934586944
20038,2171.2264862524635
20039,2215.437596685306
20040,2568.9183140912282
20041,1521.3913320423449
20042,2625.4496571638747
20043,2243.7803857725485
20044,2275.8685419168933
20045,2095.236698096069
20046,2448.4065159373167
20047,3046.625931113685
20048,2384.023435427739
20049,2645.9872315947323
20050,2679.4705327331003
20051,2166.684366145264
20052,2065.279999548798
20053,2241.4827109194257
20054,2786.5849386008426
20055,3353.036541577533
20056,3535.7403787721687
20057,2587.871273040436
20058,2664.8812659128644
20059,2359.3655302438633
20060,2364.2026544996866
20061,2575.267794353596
20062,2648.170052521424
20063,3494.97542191976
20064,2184.3262823464706
20065,2614.8255642848453
20066,2571.085586273805
20067,2340.0485816738956
20068,2108.0511547562646
20069,3833.723762953273
20070,3301.9936183166346
20071,2220.1697828133433
20072,3167.7837832692185
20073,3069.9768154451094
20074,1895.93070694851
20075,2626.306813511762
20076,2112.865993816231
20077,2474.837282315056
20078,2027.0082331147305
20079,1454.1278737744447
20080,2588.198177548234
20081,2348.3319689507794
20082,3008.6297224173222
20083,2498.4048246879056
20084,2227.790547807792
20085,2771.6412859542456
20086,2369.132083155485
20087,2431.078064870044
20088,3473.357744859146
20089,2642.017085444307
20090,2696.086562134952
20091,2351.142828733816
20092,1826.5429071323533
20093,2332.7820314455794
20094,2876.9609384095925
20095,2103.6699744461994
20096,2446.5569920910307
20097,2344.409309009984
20098,3620.89622193802
20099,1835.976433355524
20100,1933.3553810908472
20101,2187.9873196736758
20102,2625.318286125291
20103,2560.3915069449968
20104,3389.797018783976
20105,2681.0215080474736
20106,2369.299371795517
20107,2306.8890323294017
20108,3341.484720896591
20109,2079.3132946543255
20110,2962.844416916324
20111,2193.4979852144484
20112,2668.856857313568
20113,3045.6228619569897
20114,2163.1188139659143
20115,2225.7489701372065
20116,3247.8742252256448
20117,2236.259440410264
20118,2523.3239968061425
20119,2951.463491962577
20120,2582.8034500592184
20121,3576.629237126972
20122,2222.203697248903
20123,2597.36407275691
20124,2167.349769489037
20125,2335.724056915584
20126,2503.3823055706016
20127,3131.3217264750847
20128,2787.488331527131
20129,2037.9830880655181
20130,2199.3661274290553
20131,2859.202872172429
20132,2292.7205411719956
20133,2111.0550983776902
20134,3662.247246495249
20135,2482.3380809121695
20136,2688.302899297404
20137,2243.5399085661247
20138,1940.7334991079315
20139,2517.4851288725217
20140,2592.843529895941
20141,2165.9389866100896
20142,2761.3249510473015
20143,2550.8338795553186
20144,4380.961363078279
20145,2274.8244771100444
20146,2760.606776767745
20147,2817.7645674737423
20148,2130.998489715872
20149,2726.4909825317036
20150,2199.2100344221462
20151,2111.0973265681932
20152,3002.0281822755605
20153,2567.5537382351777
20154,2737.1646215990595
20155,2379.3839165292416
20156,2388.973795930604
20157,2701.9826168311274
20158,2087.962078673793
20159,2114.89801032967
20160,2160.7767961730538
20161,1835.7161452812934
20162,3540.2060545536206
20163,2965.9365047453875
20164,3466.054620871442
20165,3838.088977336102
20166,2137.100081559506
20167,2301.530558489151
20168,3298.5191853037245
20169,3127.4302341411176
20170,2104.067696460418
20171,3047.4505750724115
20172,2443.680843501054
20173,2208.250875696602
20174,2564.8956452849548
20175,2181.0428000448865
20176,3353.5603739828994
20177,1888.4761908417524
20178,2758.52044369109
20179,2352.9495264056554
20180,2754.2155626329904
20181,2627.432466406627
20182,1957.8588743325681
20183,3228.7237889305143
20184,2915.2177216344944
20185,2434.845029649413
20186,2013.3200313339653
20187,3384.052691953074
20188,2603.364454997789
20189,3155.3061907566394
20190,3386.3580318515424
20191,2340.4669806690426
20192,2847.1881291134086
20193,1925.470711208337
20194,2635.553633453025
20195,3174.054286054323
20196,2493.8228678240994
20197,2728.1425600887933
20198,2720.2569859642663
20199,2030.223587859488
20200,3475.7678389576195
20201,2302.6866121016224
20202,2475.771866045286
20203,2278.6442948100166
20204,2446.1193717318347
20205,3039.1263802475705
20206,2123.5141990740676
20207,1928.292337990245
20208,2506.6098198430072
20209,2248.4129968282386
20210,3250.1216926875013
20211,2495.9481070542474
20212,2299.4204916448202
20213,3027.7826259777066
20214,1992.852514037297
20215,1922.9748463394913
20216,2260.001880609461
20217,2522.038638922025
20218,2694.5738561339485
20219,2792.2514340283146
20220,2375.411018646286
20221,2779.368806175413
20222,2390.46680760692
20223,1236.1670111967424
20224,1923.1756364265084
20225,2146.9948277837557
20226,2148.148256508161
20227,2308.7009821575703
20228,1957.2066617668995
20229,3146.7149379167213
20230,2653.2242430976466
20231,2003.9817829986305
20232,2759.4677859372323
20233,2246.6572388793898
20234,2043.513012586196
20235,3519.37080940773
20236,1851.9738426538993
20237,2798.202378673957
20238,2559.841128988035
20239,2221.864543056918
20240,3228.3843736658473
20241,2902.9887725179806
20242,2813.451615146201
20243,2807.949017620951
20244,2359.991810167782
20245,2327.9996869495844
20246,2865.160518823784
20247,2999.9617723583715
20248,3276.305692173235
20249,1869.6954126720352
20250,2465.2557200507517
20251,1906.0861818142885
20252,2456.9202892904673
20253,2912.643217001726
20254,2569.9056571961382
20255,1981.9947511609794
20256,1988.886997643184
20257,2030.4482318589362
20258,1970.9660770137716
20259,3127.454129536446
20260,2473.1389799546455
20261,2372.9851050897646
20262,2569.1872619603855
20263,2958.094964508334
20264,2223.0119482018195
20265,2692.3580691161515
20266,3404.5035799529746
20267,2702.586922064035
20268,2690.655946115422
20269,3424.910209182298
20270,2352.7660736921966
20271,2274.0731003596647
20272,2951.0968331180293
20273,2109.986090169477
20274,2941.205013968685
20275,1970.946177927569
20276,2494.906983263988
20277,2195.8414599739162
20278,3227.2731652322555
20279,2448.523510792749
20280,3218.563784624782
20281,3492.3046410381385
20282,2174.4640629169808
20283,2870.5796529530826
20284,2276.0465763699626
20285,2102.840708086324
20286,2476.568254033889
20287,1816.6118168478968
20288,1864.1439767180466
20289,2321.070739595385
20290,2685.8006154794666
20291,2386.028214398055
20292,1830.69087155828
20293,2681.326232413685
20294,3185.5401351299283
20295,2142.8483235915855
20296,3542.559962032916
20297,2437.9665414397423
20298,2153.014191308311
20299,2251.822515924023
20300,2519.8838582439903
20301,2118.4211870628287
20302,3211.8262183342913
20303,2777.0805918823353
20304,3434.918122240604
20305,1852.0490391616095
20306,2637.362017854004
20307,2097.3235734869577
20308,3669.3081965400556
20309,1482.64892682325
20310,2078.1558916114523
20311,2766.9506047219706
20312,2270.078596332737
20313,2584.1875190261985
20314,1864.3575872967758
20315,1839.050816821879
20316,2570.384098425662
20317,2527.734620503329
20318,3151.993116677295
20319,2163.4317084981685
20320,1739.8290262636597
20321,3172.9491362746876
20322,1856.0656898035177
20323,3062.487303572613
20324,2739.4555918835567
20325,3508.3211659170947
20326,2246.756999856114
20327,2892.289772665935
20328,1542.2332190052882
20329,1983.6879192035103
20330,3230.9693753392457
20331,3054.4177788843904
20332,2347.0621642626943
20333,1853.015065312065
20334,2027.2272933271315
20335,2661.991627440014
20336,2247.3878125793954
20337,2575.6339431704946
20338,3432.364763356889
20339,3350.820154369537
20340,2305.3053518823785
20341,2530.4519909236215
20342,3161.167209500282
20343,2986.9257046980456
20344,3426.880542114004
20345,2365.335081147085
20346,1944.231867192399
20347,3945.7668528489376
20348,2282.5106070862407
20349,2128.638702184829
20350,3039.252014935354
20351,3553.1567473026225
20352,2454.075370615783
20353,3355.9867144167397
20354,2448.203708527924
20355,2791.895792542831
20356,2512.8969067089547
20357,1958.2032225367357
20358,2582.1620927772074
20359,3294.377599725227
20360,2041.0181504922696
20361,2833.1761254164303
20362,2193.2066468687844
20363,2049.8884523750376
20364,1730.4222795327912
20365,2525.5839227719844
20366,2150.6731949275722
20367,1461.1168642887747
20368,2706.493967029701
20369,3417.766277912746
20370,3453.850929829753
20371,2918.5945138183233
20372,2362.0343396758317
20373,3225.519222558154
20374,2592.14963897633
20375,2275.9194994535073
20376,2632.2314725343945
20377,2550.627083681747
20378,2580.62381097792
20379,2874.9668154646415
20380,2467.259655265696
20381,3120.8297669798276
20382,3460.031433522543
20383,2153.415643005019
20384,2589.0424770504233
20385,2069.619616807261
20386,3069.3584621954233
20387,2348.56428684164
20388,2333.1737297111285
20389,2323.0083251666547
20390,3155.9724071614637
20391,1756.4109206332678
20392,2613.7402790612778
20393,1935.4006529150847
20394,2170.038621749593
20395,1993.2997604238196
20396,3354.226444037751
20397,2389.700400425593
20398,2390.1546942365994
20399,1333.954102209611
20400,3539.7279973941418
20401,2183.866341481689
20402,2432.7014454386854
20403,3309.013500757519
20404,2137.138099891029
20405,2655.7232499647253
20406,1855.2135043663166
20407,2879.4273860861113
20408,2615.699222121383
20409,2390.7915299155916
20410,2789.515610795178
20411,2364.1150041875794
20412,1975.9349126680017
20413,3012.747665583791
20414,2380.5341808887533
20415,2925.3545974687004
20416,2063.5479972447083
20417,3110.469631232385
20418,2171.6124537317182
20419,3803.7228577615315
20420,2002.5980032689686
20421,1843.0981661789128
20422,2363.7238672810217
20423,1796.8829696701703
20424,2601.414080930912
20425,2090.5742096613003
20426,2240.002700921666
20427,3172.908934435158
20428,2740.185695282843
20429,3051.059669884279
20430,2231.95502111096
20431,2628.9157683155336
20432,2436.613702691451
20433,2487.8645571547368
20434,2389.42084907456
20435,3290.5345910554142
20436,3838.103996050112
20437,2287.433813735092
20438,2432.7918779710685
20439,3743.385291207827
20440,2934.2276394132546
20441,2050.102680533015
20442,2893.102811165805
20443,2073.524151542812
20444,2210.601656263246
20445,2284.7877745091278
20446,3754.17846338742
20447,2416.2992118517304
20448,2974.3016106071
20449,2664.0317788500824
20450,3159.4669121628485
20451,2125.2600251833096
20452,2237.5982135793365
20453,2470.5324609147856
20454,2024.5657931855294
20455,2911.5832423881493
20456,2383.966797030018
20457,2152.172743493969
20458,2228.4677055084867
20459,2239.209599533005
20460,2888.2949137833393
20461,2497.857949010512
20462,2249.6745805115434
20463,4172.932099218531
20464,2097.930123013768
20465,2705.7057036426377
20466,2751.6390269693275
20467,2383.342961237364
20468,3433.440348109108
20469,2231.5885553840153
20470,2302.311498140563
20471,1996.5124162557354
20472,2128.4497810987186
20473,2954.3188036552083
20474,1972.4320047957615
20475,2565.3115658623788
20476,2214.1051420357385
20477,2070.444657490651
20478,3987.997615212792
20479,2741.791839756259
20480,2342.0045946162454
20481,2873.2201526541007
20482,2760.2954349281877
20483,3031.462264447071
20484,3026.969214496082
20485,3038.502066366942
20486,3077.453134547024
20487,2131.5369634174162
20488,2375.7290957984515
20489,2601.3583043873223
20490,3223.7716557558706
20491,3071.353661931541
20492,2509.862070144069
20493,2858.475868831958
20494,2958.083340715698
20495,2685.0330200808176
20496,2051.603736550187
20497,2815.704787714004
20498,3280.798151550455
20499,2424.798277018019
20500,2121.6580483842886
20501,2420.79812628794
20502,2073.9218134922885
20503,2002.0401756054325
20504,2810.08452099195
20505,3652.335566727226
20506,3185.370369905891
20507,2429.5198190083693
20508,2241.078949703181
20509,2270.3491048156957
20510,1922.1147486734585
20511,2093.390867856978
20512,2366.263027494586
20513,2110.5236549224455
20514,3032.0403748356994
20515,2256.8793396567194
20516,2885.3180587433317
20517,2265.3885638563056
20518,2501.690252878324
20519,2629.815923844033
20520,2491.2508375802245
20521,2009.735243279552
20522,2415.4856276609316
20523,2123.182234899278
20524,2237.0372117834245
20525,2194.1048966178355
20526,2272.9354403022567
20527,2787.4476426292754
20528,2000.0261637717365
20529,1874.230004199097
20530,2134.738711535656
20531,3354.935607721578
20532,2669.330968768051
20533,2539.41853264739
20534,2937.944344491074
20535,2589.1425143669153
20536,2095.6340215133887
20537,3682.1356098136616
20538,2338.77636813776
20539,2681.4959574907816
20540,2439.370538764768
20541,2424.256644113981
20542,2317.0210431152427
20543,1865.7021229897418
20544,2741.338494040202
20545,2928.03447788208
20546,3486.5934630228703
20547,2289.602109243313
20548,2854.934822806037
20549,2127.984428473873
20550,2868.390672188402
20551,2612.7602612817336
20552,2520.4062298222766
20553,2962.276653747528
20554,2565.8602990006607
20555,2150.9400329839914
20556,2823.6690640026627
20557,2599.941459559091
20558,2784.341927951035
20559,3223.2523816221565
20560,3145.8900066567967
20561,2272.339610418615
20562,1823.94312863976
20563,3145.766023327965
20564,3149.603261487722
20565,3149.9766932140765
20566,3560.35100284498
20567,2018.2725619854166
20568,2136.7001237765617
20569,2179.619952495279
20570,3869.482333599378
20571,3208.2994674544293
20572,2075.3271864734575
20573,2515.8370583681894
20574,3200.739487435086
20575,1827.3216739463487
20576,3262.40353534494
20577,2246.1479965196545
20578,2503.230294073925
20579,1888.168509930655
20580,3071.738542592795
20581,2510.115913732245
20582,2826.1432201148755
20583,2035.9254124359934
20584,1709.3052841117444
20585,2151.0378270123
20586,2548.760373824947
20587,2847.406452010925
20588,2170.361952825382
20589,2933.5219903399457
20590,2254.2757634893896
20591,2931.590081833042
20592,2282.4453768949434
20593,4019.0228592271906
20594,2639.3741724999054
20595,2124.1969093929474
20596,2487.558050156277
20597,2130.0406825064506
20598,2128.931615691023
20599,2546.535393544211
20600,2232.8413319162373
20601,1935.9579095533609
20602,3146.1555916842776
20603,2092.8538256242045
20604,2131.2784115136888
20605,2867.248146123772
20606,1974.4617135143815
20607,3572.9034096284367
20608,2316.450957567198
20609,3279.2594599758427
20610,2870.9853181876633
20611,2809.768926330947
20612,1896.5715254263455
20613,3311.863621887622
20614,3156.0681484600864
20615,2065.474939508478
20616,3158.2598845250327
20617,3029.344165965448
20618,3767.645360425582
20619,2925.9892955635037
20620,3284.955308852618
20621,2374.679922441237
20622,2077.6483011480323
20623,1472.127105688573
20624,2411.285368019604
20625,2632.0690517263247
20626,2640.2355002307786
20627,3304.5472622779266
20628,1927.886416519027
20629,2168.0460987058473
20630,3678.115283126639
20631,2678.784377966989
20632,3427.1442176474143
20633,3097.112195405432
20634,3132.5152212896037
20635,2378.303556827039
20636,2857.7777135225124
20637,2393.3336456307416
20638,3154.017949642529
20639,3304.7222496085087
20640,2502.899665445434
20641,2912.355755582567
20642,2080.8047812183936
20643,1822.9105986298296
20644,2204.420334344662
20645,2547.4995921959808
20646,2014.6426649610473
20647,1960.7719098211376
20648,2167.527079238991
20649,2008.1784341784128
20650,2434.6968982398926
20651,3303.902497950156
20652,4050.3115459342043
20653,2816.5737958446625
20654,2748.324743267863
20655,3300.756979318836
20656,2945.5299116410997
20657,2345.7334176770114
20658,2620.037131747732
20659,2194.5142889206563
20660,2236.384131802126
20661,2353.5501418211416
20662,3226.8461603270534
20663,2234.6869412461506
20664,2735.379229693969
20665,2039.7669761942566
20666,2078.6397905254225
20667,2765.320611245851
20668,2088.4934423163504
20669,3041.9915228298114
20670,1829.6060582525884
20671,3749.1328778395323
20672,3274.029881805028
20673,2359.687363549797
20674,2006.124555248865
20675,2268.3082896396163
20676,2412.9596768247534
20677,3800.3602903557294
20678,2819.9879276964352
20679,2696.8092261000793
20680,2384.625879927429
20681,2877.364772680895
20682,2986.8248849477172
20683,3491.1685261588455
20684,2123.8387210733904
20685,2895.280482860795
20686,2890.3892467670835
20687,2039.7659514597312
20688,2601.700625005
20689,3237.2619073004666
20690,2921.610960861723
20691,2481.7891961674504
20692,3427.4733580054094
20693,2250.68351428737
20694,2420.8948852676767
20695,2233.2066899680317
20696,2089.9503476820764
20697,2636.800069334914
20698,2937.9901113704
20699,2881.4894855516322
20700,2816.5635089582283
20701,2514.650070519744
20702,3367.1951694891577
20703,2978.979394074261
20704,2375.6297751563175
20705,3151.1717021053437
20706,2078.851785846813
20707,2539.777004635857
20708,2742.7119919285797
20709,2657.016731297989
20710,2751.4217475745827
20711,2150.1629784452944
20712,2195.7588335609
20713,2406.1842248456514
20714,2473.5919836632897
20715,2779.77269067451
20716,2376.3088905719696
20717,3356.511010178937
20718,1844.7040160934407
20719,2329.839659636535
20720,2498.067994968095
20721,3129.652356512074
20722,2928.647074195119
20723,2157.488320489422
20724,3174.3831837765983
20725,3619.9070940610795
20726,2249.9408899338255
20727,2923.302622947923
20728,3178.533005217163
20729,2359.055180939552
20730,3511.451979359459
20731,2240.8085897656047
20732,2134.4641305384635
20733,2232.588677475983
20734,2865.4833949645554
20735,2741.690156289969
20736,1940.5315462576423
20737,2483.8359329024142
20738,2066.8367474718116
20739,3109.8561980992768
20740,2552.453600090969
20741,2457.4385436365956
20742,2357.864818736388
20743,2631.8812545117507
20744,2387.8620778300665
20745,2316.7415674971585
20746,4641.919722826536
20747,2069.269710833343
20748,2183.3996556185225
20749,2245.06496671246
20750,2314.609817937988
20751,3413.7718315652032
20752,2777.901303733499
20753,2073.0108972838934
20754,2837.5979664291253
20755,2201.5501912377113
20756,2016.144385644075
20757,2586.1371505693805
20758,2397.9055503720383
20759,2982.6231090310876
20760,2911.559636605047
20761,2051.211658176091
20762,2338.064111934086
20763,2674.645026612038
20764,2378.2409393967205
20765,3414.2896951987277
20766,3060.277056799573
20767,2502.3967557401197
20768,2443.397278836151
20769,2094.408784734533
20770,2257.9632550478054
20771,2234.456609953597
20772,2046.7374143602806
20773,2521.0073120137404
20774,2715.169205707256
20775,1722.2445079761137
20776,2196.149253682208
20777,1825.0108781679392
20778,2238.9131061085964
20779,1878.7727370860919
20780,2570.573281521156
20781,2394.259068663783
20782,1764.0377215570709
20783,3152.2293071131035
20784,2701.8309048756305
20785,3126.4825003762408
20786,2031.748140611674
20787,2973.2063374259847
20788,2667.522474552209
20789,2317.4647606692142
20790,2558.1223982711936
20791,2484.438592678127
20792,2553.707969053171
20793,3177.035012361634
20794,1984.8293815139828
20795,1997.870468793493
20796,2170.2066129284426
20797,2668.5488777175715
20798,2177.9364119611964
20799,3854.489684447397
20800,3320.0753745073807
20801,2199.0869911249233
20802,2306.6060113538933
20803,2092.524380766459
20804,2378.4328880617313
20805,3029.8411313101774
20806,2765.6381530123626
20807,3248.031489488269
20808,3153.33309275165
20809,3039.659473609785
20810,2231.6959882467913
20811,1907.6580159346559
20812,2756.7351370385677
20813,3166.041026558045
20814,1777.87882391405
20815,3060.6292293126453
20816,3159.5841817634764
20817,2712.595892515461
20818,1367.2920621997205
20819,2377.569430563549
20820,2301.3633871571974
20821,2725.10255902242
20822,3092.2425059266507
20823,3193.5270491184547
20824,3799.748283228625
20825,2921.4795957849415
20826,3517.799817092815
20827,1929.553160034318
20828,3250.034889147354
20829,3048.973465875666
20830,2242.596418674832
20831,1905.6191640788434
20832,3159.6221462846147
20833,2441.252952291633
20834,2338.1273717413733
20835,2267.431037207997
20836,3938.943648279161
20837,3063.569258052071
20838,1762.5152553004348
20839,2999.0297746798456
20840,3998.242341952688
20841,2842.726035715903
20842,2342.501840400484
20843,2879.519301100481
20844,2534.4208877849633
20845,2370.931414075957
20846,2238.6204577438934
20847,2675.087351266703
20848,2347.868627468392
20849,3249.5517611162154
20850,2406.3072877853438
20851,3313.116864622548
20852,1822.920247757428
20853,2320.422351165123
20854,2248.019164558271
20855,2160.1440068122656
20856,2319.7180221708104
20857,1950.0819360560236
20858,2291.2059086434397
20859,2401.1680807328585
20860,2080.3663849310788
20861,1939.7884959007372
20862,3554.958428241036
20863,2125.214405867767
20864,2049.442496217177
20865,3178.047130821996
20866,2189.6878958417
20867,2404.122731173317
20868,3036.690121303258
20869,1836.6826310499928
20870,2443.1160406000654
20871,2232.719528643539
20872,3336.7306850702907
20873,2840.850153780113
20874,3232.6761068494975
20875,2776.5575124800534
20876,2912.571460235013
20877,2435.1857020695734
20878,3997.324716814501
20879,2529.682259738617
20880,2458.90571436017
20881,2142.4641286445067
20882,3032.08844327312
20883,2197.9766433151162
20884,2416.7670270275394
20885,3598.5201063209815
20886,2611.7657996374382
20887,2642.57480485821
20888,2586.6571577626123
20889,2850.2898927328506
20890,3565.544525821443
20891,2586.9400684569246
20892,2803.5149003960705
20893,3741.7922935583547
20894,2848.3136041093285
20895,2607.2555400055253
20896,2181.928359795876
20897,2236.523786818841
20898,2404.833783273329
20899,2454.519323986214
20900,2061.0124984460103
20901,1806.8683264418548
20902,1956.0407932607352
20903,3187.1867343975027
20904,2245.949841298052
20905,1584.9762008542878
20906,2150.940772415132
20907,2060.7475442758832
20908,2870.4630698003994
20909,3691.93421443096
20910,1705.3585103563505
20911,2814.6771501032745
20912,3189.6021453100348
20913,2021.0660414759284
20914,3540.9908120809796
20915,1994.5935343659853
20916,2202.4465791179973
20917,3052.730167352823
20918,3436.3487214047536
20919,3812.2266601519796
20920,1867.0774749290886
20921,2191.329795261296
20922,2746.8773356654297
20923,2530.9410563456695
20924,2210.5705596987746
20925,3170.3699554983486
20926,3415.302628742877
20927,2519.383991371596
20928,2728.6149289054724
20929,3444.6093737866313
20930,2108.2346808679104
20931,2220.19348090968
20932,2103.8112161549398
20933,3294.6949224523128
20934,1708.0530782652404
20935,3495.3205807279487
20936,2164.695794592356
20937,2515.340686695918
20938,2194.6761934407605
20939,3193.2275827655776
20940,2485.4271778472194
20941,2375.558838960343
20942,2127.182657031264
20943,2428.989855336463
20944,3581.2094807104104
20945,2050.1092704804437
20946,2146.9948198993707
20947,2090.270130312363
20948,2126.8717251446637
20949,2769.4093981249753
20950,2439.878870813312
20951,2558.777230833318
20952,1953.7156225497097
20953,2767.035055681027
20954,2282.8050323800258
20955,3780.933712010336
20956,2959.798721001288
20957,2389.669326201351
20958,2444.6539682537627
20959,2979.3667781689846
20960,1922.7328725846216
20961,2713.7629673871447
20962,2206.6640504198344
20963,2514.454456634242
20964,3443.1419876523005
20965,2284.557115869704
20966,2321.942664511172
20967,3228.3337876986407
20968,3155.6340500371743
20969,2720.2198732440424
20970,3053.5820039014047
20971,1920.9162202103357
20972,2974.1279411673695
20973,2589.9630145175
20974,2099.9489106195792
20975,2197.279579293
20976,3448.065679176564
20977,2890.6301178769063
20978,2358.3063807124113
20979,2133.8707068451185
20980,2827.6747860895302
20981,2494.181728820373
20982,2585.8763215007966
20983,3407.466211635986
20984,2277.281149417761
20985,3244.4349927535313
20986,2117.705753015267
20987,2904.352257421805
20988,3005.834816395911
20989,2091.6253036678936
20990,2720.9382575135764
20991,2445.3256974699557
20992,3023.1068543663196
20993,1930.0792569918822
20994,3896.165552836931
20995,2076.677560385432
20996,2079.3150771007067
20997,2370.9042589201295
20998,2491.760303451355
20999,2568.083385915834
21000,2163.9835448580193
21001,1926.2045056437
21002,3092.2826476929736
21003,3070.5193635349506
21004,2736.998165573239
21005,3163.8359132441224
21006,2277.1130331460818
21007,2384.3451875518444
21008,3004.090290565614
21009,2551.798988937302
21010,2642.591256480249
21011,4097.707229103515
21012,2142.2190943065734
21013,2819.9896279469544
21014,2623.642078964889
21015,2434.4948239515033
21016,2293.6753524284863
21017,2297.5446004244122
21018,2606.657503326811
21019,2991.402956678171
21020,2551.2104460769024
21021,3160.2793432089184
21022,3256.4733025214873
21023,2972.8174792723817
21024,2280.7641073164264
21025,2039.0147595159344
21026,2797.577129107831
21027,3601.321515519862
21028,1893.222006183029
21029,2270.1610519197457
21030,2152.1218079031946
21031,1943.8808429049889
21032,2714.4163127206893
21033,3489.2666130110038
21034,3313.515534175956
21035,3620.7574534969035
21036,2246.1313470685377
21037,3301.9194910732795
21038,2125.3421022576013
21039,2041.7386565085112
21040,2436.1213826776248
21041,2432.506057029581
21042,2583.473471268873
21043,2486.235376578594
21044,3187.8345054788188
21045,2353.362605634984
21046,2990.1651872053762
21047,2496.5123001463353
21048,3596.568247543318
21049,2979.7886480291327
21050,2204.063234005388
21051,2593.1786687849894
21052,2523.5393700784853
21053,2368.654077149284
21054,2753.4473460798945
21055,1832.7511255162012
21056,3131.6284352940334
21057,2178.1909655404806
21058,2259.7625143514506
21059,2268.8878273788105
21060,1967.0145350928228
21061,2428.616666344274
21062,2201.494839080684
21063,3112.9510811786067
21064,2075.1980761142877
21065,2525.7917029280143
21066,3046.121219628786
21067,2180.3128132293295
21068,2521.551925607129
21069,1956.8085352753878
21070,2581.837036041983
21071,2160.8005174047785
21072,2556.6263112402585
21073,2634.880787642861
21074,2405.810411381738
21075,2708.776851390854
21076,3090.884899691751
21077,1820.7339504231593
21078,1936.4219757431674
21079,2586.492723748952
21080,4458.291827385519
21081,2563.975227256156
21082,2248.648912461679
21083,3846.004681858312
21084,2933.6068941679773
21085,2231.3218856357985
21086,2070.830994436201
21087,3751.395954618666
21088,3043.265702054603
21089,2454.323665794587
21090,3265.001645253229
21091,2826.1173008001206
21092,2397.3597052980535
21093,2511.913951340866
21094,2539.093253381622
21095,2133.969369143583
21096,2629.3480202360256
21097,2333.3371008560093
21098,3203.766408299739
21099,3024.2508085886166
21100,3495.206565165189
21101,2573.586803998487
21102,1953.165942426912
21103,2016.214830881965
21104,2948.3705159099
21105,1943.8511332400979
21106,3278.03008122518
21107,2836.8912564859497
21108,3768.0135515002667
21109,2406.78154847876
21110,2155.9336956559946
21111,2186.677026504969
21112,3240.03755531603
21113,1832.6543130536263
21114,2222.201156022399
21115,2449.341056196576
21116,2273.053565275195
21117,2423.750252461715
21118,2167.2642061919773
21119,2588.8676787067434
21120,3265.7733037332987
21121,2426.9834059622694
21122,2463.74913135521
21123,2587.8617628108195
21124,2612.411870649188
21125,2627.914522864755
21126,3337.0330519471695
21127,2079.1362084718485
21128,2329.157523630226
21129,3547.3551192183177
21130,1901.6114364969153
21131,2351.528864189298
21132,2339.6731744196745
21133,2493.612686593944
21134,2996.12746739584
21135,3826.000169322595
21136,3143.081287135049
21137,2260.0499615447143
21138,2266.000477514973
21139,2639.8460986426235
21140,3042.5621633575392
21141,2270.6478712144026
21142,2345.2036681668505
21143,2197.653710952344
21144,3395.417432508093
21145,2720.81312947994
21146,2579.8171927424883
21147,2927.591014410007
21148,3489.601183816852
21149,2430.594508376011
21150,3158.8691450801416
21151,3378.821094549732
21152,2893.9009290559625
21153,2067.3971489776095
21154,2429.35959656629
21155,3059.4607675972275
21156,1848.022637855337
21157,2317.020397203899
21158,2222.495060752837
21159,1646.2140625948966
21160,2228.241875585307
21161,2570.5377550919166
21162,2292.651745997172
21163,3399.1454741316084
21164,2320.7349430649288
21165,3385.507736644994
21166,2422.514432045292
21167,2260.7939204728746
21168,2298.7307479884776
21169,2400.395640411837
21170,2600.813030889412
21171,2577.825370551727
21172,3118.8640978724734
21173,2513.8609448109987
21174,2212.028976110209
21175,2437.12353833205
21176,2166.8007758779654
21177,3434.9703261448303
21178,2450.191527683529
21179,1687.0690808660734
21180,3281.267023508888
21181,2551.7887804455927
21182,2428.588207167795
21183,2620.6566538378806
21184,2554.880470751949
21185,3001.334430873273
21186,2602.268437394171
21187,2500.266782489144
21188,2428.7370635601237
21189,2362.951661233336
21190,2851.575131267557
21191,2953.6982805441703
21192,3679.653490566217
21193,3008.650086114363
21194,2166.438878693554
21195,3912.543190174115
21196,2868.828340833321
21197,2451.561350790853
21198,2222.790238549524
21199,1939.7920442958248
21200,2123.670108432881
21201,2429.262636043826
21202,3889.362575340657
21203,2768.8369540468425
21204,2749.6905104952148
21205,4056.841157741437
21206,2489.884272389111
21207,3149.8373666089365
21208,2372.010064179285
21209,2416.3423594811584
21210,2602.824804787217
21211,2633.0179336524043
21212,2179.275962971864
21213,3336.3290745791646
21214,3009.923745324019
21215,2578.5327602369584
21216,2086.5710383861287
21217,1858.5531679919818
21218,3517.5328342593384
21219,2125.6582793424736
21220,1973.2014187798025
21221,3291.9081324844346
21222,3106.3142178830212
21223,2056.7143464786222
21224,2607.8041930103573
21225,3579.8545948099586
21226,2911.8670336866535
21227,2169.819364576136
21228,2348.671957087354
21229,3267.4903423494097
21230,2110.043564655025
21231,2554.2005236567493
21232,2191.00446822128
21233,1734.9861077186592
21234,2841.7434496097167
21235,2321.3359334425177
21236,2231.1694187589355
21237,2677.2386227344286
21238,2220.351470630308
21239,1947.1338766198182
21240,2311.576396983277
21241,2690.1125853072763
21242,2160.1176074821383
21243,2168.389660008963
21244,3709.8972938686957
21245,2380.3709341044914
21246,2562.624572443726
21247,4241.447618110488
21248,3362.0342541258146
21249,2304.8945974180806
21250,2437.2225546937693
21251,2879.657117635733
21252,2122.6773827998823
21253,2662.9836256542976
21254,3262.5861778875524
21255,3017.6956092012183
21256,2239.224484651432
21257,2847.417221166116
21258,2620.353151565406
21259,2481.0461280643913
21260,3400.1157672769523
21261,1908.8919875693298
21262,2662.681781429579
21263,3038.938631705722
21264,3054.3968548948596
21265,3096.987155305679
21266,1972.2758884720283
21267,2143.0807189856937
21268,2006.1969250139405
21269,2519.894800427449
21270,2578.124791983086
21271,3311.0821197668065
21272,2716.3777456045063
21273,2084.726466892492
21274,2686.711457670826
21275,2773.3973099632935
21276,2736.8100829368223
21277,2352.21596761989
21278,2857.1916930693696
21279,2496.4404515045644
21280,2467.3960856473686
21281,3155.497581962364
21282,2938.417486253384
21283,2835.587429130743
21284,3491.5849036998443
21285,2551.7008216139043
21286,2452.748363205171
21287,3328.654574675449
21288,2946.6057577809943
21289,2255.796005286196
21290,2492.6947714400962
21291,2727.955333657317
21292,2227.7056944319374
21293,2984.593966529023
21294,2257.4739127313023
21295,1868.1745259761599
21296,2531.522922253363
21297,2409.013101137414
21298,2300.5267517466436
21299,2754.0167685136857
21300,2587.9411589529072
21301,1892.4979328176153
21302,1911.4284835235544
21303,3585.3137377846724
21304,3540.4315820861248
21305,3101.0589577154396
21306,1955.0603622998024
21307,3633.6874679822095
21308,2907.0896210819296
21309,2898.982158414866
21310,2094.620907302314
21311,3005.0582460329842
21312,2895.883336248786
21313,3650.9188870126027
21314,2118.4969188687446
21315,1899.3136260446972
21316,3022.977036818793
21317,3132.839030694037
21318,2762.4541412342787
21319,2642.5257509511302
21320,2477.0124327964513
21321,2278.1652596150757
21322,2516.448807987741
21323,2975.018014866976
21324,3372.8979369192516
21325,2777.61212614563
21326,1471.7096815042173
21327,2787.649800431296
21328,3630.266349648945
21329,2072.407087598699
21330,3017.916503946866
21331,2702.636253303677
21332,3461.4059018929493
21333,3088.0486348598515
21334,3768.766147326789
21335,2268.4562124951344
21336,2216.60975348794
21337,2403.3367073613235
21338,2766.2645250341448
21339,2370.037243371479
21340,3126.3088202708877
21341,2040.0116809485994
21342,2793.258755196749
21343,3463.3315022410634
21344,2609.247265731412
21345,2456.6498957145886
21346,3647.7444624615337
21347,2204.9001494577496
21348,2374.806561260119
21349,2155.504661160432
21350,2626.7858195929366
21351,2592.0453230254434
21352,1844.943105241933
21353,3351.159211174513
21354,2345.223592613672
21355,2388.8960254358835
21356,3013.1698411812326
21357,1995.8989585270529
21358,2174.918665503883
21359,2652.4204234904764
21360,3234.328987755711
21361,2760.19058510698
21362,2092.109853918976
21363,2393.8334730119136
21364,2335.6619972145677
21365,2583.457461658907
21366,2045.7499239527133
21367,2685.3084112821793
21368,2447.213245123011
21369,1864.2488285404875
21370,2178.0308589770666
21371,2407.568636002089
21372,3046.6477693356974
21373,2453.166444610295
21374,2689.7303934459187
21375,2282.7679012487624
21376,3009.429066713224
21377,2550.885766404225
21378,3967.827462509862
21379,3706.480361902022
21380,2999.895369963502
21381,2114.642229270961
21382,3467.9673013148454
21383,1851.7588503794368
21384,3695.682837468955
21385,1875.6262068761064
21386,2365.862809513601
21387,2453.828004236637
21388,2062.4675509031154
21389,3663.2664776151946
21390,2107.5196320405266
21391,2279.7891306773095
21392,3186.957782920039
21393,2348.815756856725
21394,2378.4576506741205
21395,2354.1778874292445
21396,2132.293574440544
21397,2536.3254312528657
21398,2254.9082602579206
21399,2494.9998279973056
21400,2770.0021674374984
21401,3059.83261047434
21402,2382.052202004179
21403,2461.5371498413915
21404,4103.836281218964
21405,2503.5732399298763
21406,2421.9637984056108
21407,2183.331733850392
21408,1963.7673486738636
21409,2457.006737055981
21410,3383.9265696209886
21411,2404.2280187750675
21412,3145.6586739110226
21413,1838.789809653988
21414,2008.4268663500666
21415,2056.667161668872
21416,2016.7616227738063
21417,2320.8409517027153
21418,2276.2494903866336
21419,2756.3914074960785
21420,2076.9367596997417
21421,2580.509006635907
21422,2474.541944678078
21423,3046.074295038441
21424,2282.759501602057
21425,2026.1183454957745
21426,3829.9648942725607
21427,3407.441102767746
21428,3182.5537671955035
21429,2534.1469380162657
21430,2937.08816683923
21431,2684.1124534308683
21432,2187.477731882711
21433,1883.8077495970028
21434,3508.7198062770312
21435,2599.7219901949875
21436,2903.7448318508373
21437,2197.2933664858033
21438,2763.4313749680437
21439,2798.4307642308167
21440,3319.4537051821058
21441,3328.033116355864
21442,2942.8725224271775
21443,2485.0851125922854
21444,2593.3294737206043
21445,3308.076734585197
21446,2172.6616400570256
21447,2834.030579214839
21448,1847.6907974693077
21449,2172.682420232515
21450,3160.1256692302536
21451,2309.9974487310537
21452,3252.051433380462
21453,1936.400373348024
21454,3377.2432202673112
21455,2832.312785168362
21456,3231.259573494238
21457,3032.725198236173
21458,2730.8287014967627
21459,2061.590673548953
21460,2358.570077319007
21461,2120.5032578187975
21462,1996.5564766430139
21463,3015.9347951110144
21464,2561.1345721414928
21465,2003.8370671296077
21466,2244.5041258492947
21467,2987.1278529520455
21468,2370.397528680185
21469,2038.2359397366229
21470,2308.613063040773
21471,1968.6361412871672
21472,3128.9490383015336
21473,2124.7661655825145
21474,2112.0177858432194
21475,2524.3797638005726
21476,2344.646482062887
21477,2476.657047809492
21478,1984.4487328202576
21479,2471.5144025987343
21480,2652.032823745665
21481,2326.183848414261
21482,1809.6942402575773
21483,2013.8012644357032
21484,2808.113678601264
21485,2912.226260451074
21486,1867.8036810693127
21487,3425.64836135216
21488,2423.262348623063
21489,3083.038447546216
21490,4016.7920413443308
21491,2471.230743006823
21492,3137.59858436216
21493,2796.109729165366
21494,3201.7088729740076
21495,3023.01390408919
21496,2487.333132610073
21497,2475.187007103761
21498,2693.265666583078
21499,3190.763527258445
21500,2304.6110378898134
21501,3726.66911158755
21502,1958.3833652611265
21503,3612.230792173975
21504,2631.25093249966
21505,2188.2718887097135
21506,2171.3818466606917
21507,1908.8470531675391
21508,2472.1265703571607
21509,2263.5994944716335
21510,2779.297362330148
21511,2574.784696453924
21512,1975.9719999132801
21513,3312.4178496083514
21514,2969.197561377692
21515,1905.3750994699976
21516,2088.708253732415
21517,2790.56987463144
21518,2729.872920331675
21519,2101.832758336858
21520,3232.687310665875
21521,1976.7053963146964
21522,2181.1548100075474
21523,2518.279402060098
21524,2768.88498977002
21525,1777.1068276253586
21526,2589.428709282
21527,2356.7485396882735
21528,1935.326821291149
21529,2313.1687497033236
21530,2430.3148658606183
21531,2343.6996582840115
21532,3466.180310804111
21533,3313.0919091468418
21534,2335.285210973407
21535,2552.7392728146788
21536,2694.163999944888
21537,3259.7427830328716
21538,2644.019513509367
21539,3255.825224245569
21540,2636.1028267515076
21541,2818.2964768300644
21542,2215.2155555172862
21543,2513.512172955608
21544,2380.5555590373524
21545,2597.8567187986428
21546,3219.67966760085
21547,3028.1540536920147
21548,2984.4142888959523
21549,2421.191353019046
21550,2902.8101371868806
21551,2469.5515639873856
21552,2951.9596089199113
21553,2606.807329974199
21554,2198.6027129865615
21555,3109.150713830224
21556,2301.1184142549355
21557,3054.955172919617
21558,2707.3016732177566
21559,2162.1210075701824
21560,2154.5764358453966
21561,2522.739370611224
21562,2896.28240416818
21563,3133.729458134718
21564,3192.1865828144914
21565,2612.9863159074757
21566,3495.449117151988
21567,2196.5078663598833
21568,2181.911167237028
21569,2114.0828449250157
21570,3590.4945863883077
21571,2630.342222735936
21572,2734.390122886157
21573,2810.317469056429
21574,3443.9198686039435
21575,2518.4208994082596
21576,2722.936567619587
21577,3080.2952618342433
21578,2121.2820756117712
21579,2057.5295852660115
21580,3260.3793039631937
21581,2691.157624527207
21582,2403.8726348662603
21583,2993.094129413639
21584,2432.2501563428355
21585,3740.3404788760477
21586,2260.532197810661
21587,2911.647807383396
21588,2482.4412010340857
21589,2860.399428833066
21590,2141.3016387789585
21591,2433.1446304194124
21592,2003.5204336156223
21593,3167.5386204763618
21594,2614.2687951396592
21595,2078.5869327651662
21596,1926.8704150417022
21597,2926.779289882811
21598,2050.4873863985013
21599,3076.010635957357
21600,4922.7875778354555
21601,2667.792481205921
21602,2488.817950686835
21603,2382.421748367222
21604,2924.5627709586793
21605,1939.0431065108614
21606,2931.069226344833
21607,2076.807743323493
21608,2558.2812092196655
21609,2112.44492816091
21610,1917.3687665010302
21611,2716.0220748706543
21612,2931.3067843070494
21613,3255.8663599114698
21614,2602.0803372118817
21615,2266.64097676322
21616,2872.295897774381
21617,2109.6340653056777
21618,2818.7439621710373
21619,2293.9892729571857
21620,2444.4849779546003
21621,3168.0157952025343
21622,3172.343062528609
21623,3332.556152646768
21624,3607.2590287130943
21625,1949.6559165726917
21626,2036.3494727365842
21627,2205.4716275317905
21628,3543.144851062794
21629,3149.1791817267012
21630,2116.387743115418
21631,2260.089216601722
21632,2554.2982978555115
21633,2975.8138865021365
21634,2975.390076202135
21635,3066.966145651108
21636,1822.049251668495
21637,2321.904955584115
21638,3052.938359785423
21639,3055.1471186392246
21640,2158.655920003772
21641,2212.4213262240414
21642,3065.992913246103
21643,2051.8389915403586
21644,2169.405744116303
21645,1952.0672684849171
21646,2662.295216672757
21647,2723.590186291174
21648,3833.973610411722
21649,2777.7779658156264
21650,2394.2134258256233
21651,3683.9184099159324
21652,2246.2374010760145
21653,2242.8679349597205
21654,2420.204198246943
21655,2541.4367418785823
21656,2091.113016865008
21657,2135.2797177745924
21658,3819.7923991586863
21659,2678.642020608479
21660,2684.4767413492555
21661,2151.9365528929025
21662,2635.8289917148168
21663,2627.8739607117477
21664,2048.3103034245396
21665,2645.3728319371457
21666,2322.0237549644353
21667,3172.502380254799
21668,1921.2118335957896
21669,2424.511186948019
21670,2562.6824523197533
21671,3067.7075241459743
21672,1856.1105317689332
21673,2093.7772950400467
21674,2113.413742643973
21675,2138.876648018557
21676,2746.2704094562278
21677,1846.966511889075
21678,2437.6944869493955
21679,2363.862459455573
21680,3430.064676650719
21681,2135.736563706506
21682,2801.7919676341508
21683,1906.750374492381
21684,3325.348673793111
21685,2254.647508685637
21686,1906.9086659389243
21687,1876.1992073859478
21688,2993.0571279670794
21689,2741.255598067618
21690,2075.204156768517
21691,3186.546325939884
21692,2374.0319230306545
21693,1938.856286246949
21694,2420.437637229392
21695,2101.3784678482757
21696,2360.305450874928
21697,2045.9622638370734
21698,3118.9708233652773
21699,2434.362283414005
21700,3380.960054790088
21701,2547.884350355528
21702,3177.688773856963
21703,2198.3994775141637
21704,3721.553529272598
21705,3097.1923154949336
21706,2930.4140614499897
21707,2984.9436270283077
21708,2480.0880079374438
21709,2445.8248014285323
21710,3200.5042846943306
21711,2800.352964413939
21712,2511.399116315416
21713,2682.654998930543
21714,2547.0001319140156
21715,2497.0513966029907
21716,2905.3344793513807
21717,2199.4461244644117
21718,2614.8311049071935
21719,2011.1716322148018
21720,1799.616069084385
21721,2209.7836691111975
21722,2229.485990477786
21723,2522.4228840317887
21724,2172.972294332586
21725,3280.0045632864467
21726,1978.7743064573692
21727,3262.698826727018
21728,3496.782507624592
21729,3428.9290130941927
21730,2535.3346612895534
21731,2197.346158503043
21732,2841.057401808923
21733,2103.4563525962076
21734,2846.3381830563785
21735,3299.7470764122927
21736,2769.7764300950457
21737,2203.5122345043765
21738,3536.9313025585575
21739,2166.1729776248103
21740,2768.2720751092784
21741,2163.0321980904373
21742,3289.0596825063467
21743,1972.6983324298794
21744,3498.1567046296327
21745,2158.8222344181245
21746,3506.2234595356213
21747,2267.55602462048
21748,2540.5296275520523
21749,2343.8944207445415
21750,3177.2212366523927
21751,2354.132203373611
21752,2941.5131076851167
21753,2361.2381454565807
21754,1856.9842060010506
21755,2200.8667195801027
21756,2197.2849721607945
21757,2932.1272027190744
21758,3460.8994179084434
21759,2266.5755089161453
21760,2967.624156606008
21761,2747.499819316885
21762,1997.3697676862903
21763,2414.0797720941314
21764,3465.1186791375076
21765,2038.3072229530785
21766,2628.426541865775
21767,2582.6537195654178
21768,2175.2341448789384
21769,1852.4531808185207
21770,1961.9148076426854
21771,2764.932332103232
21772,2300.0367541845512
21773,2381.833259722546
21774,2660.1763994873536
21775,2145.7393897704687
21776,1819.7210513434102
21777,2605.542128037934
21778,2237.195592774204
21779,2491.1026160131173
21780,1985.1080351466233
21781,2540.5162026964545
21782,2747.7611038270425
21783,3064.66631608228
21784,2564.5604585811757
21785,1938.6217114746405
21786,2939.451065062164
21787,1900.5958572296863
21788,2123.5391012821588
21789,2587.3783623266204
21790,2591.3420401289895
21791,3100.5129990701234
21792,2407.5309931679585
21793,3131.376992963964
21794,2253.0504435630687
21795,2229.6173382116353
21796,2884.6812426415554
21797,2627.6402224960366
21798,3409.9328943403443
21799,3262.326363793198
21800,2959.686541377341
21801,2470.000484556606
21802,4030.143809028424
21803,3148.8893441499085
21804,2844.585861499427
21805,2035.909831353166
21806,2053.9494535541967
21807,2380.8943827485077
21808,3701.9400555899792
21809,2401.577059180379
21810,2391.4508977018377
21811,2226.529028847075
21812,2737.3236705114564
21813,4141.188470869725
21814,3298.443771816912
21815,2161.0689998263047
21816,3383.0861353435616
21817,2569.0448719250417
21818,3083.7667004353543
21819,1766.029093333805
21820,2306.850667671063
21821,2511.6679177877304
21822,2196.5230233698453
21823,2202.9695198205163
21824,2137.3817290450916
21825,2699.6238028455173
21826,2834.380611689021
21827,1921.5434388899976
21828,2128.2044038469476
21829,3069.4457338367074
21830,2554.9725504914272
21831,2167.4541963506454
21832,2242.8263116297258
21833,2967.614319794359
21834,2536.8949971373463
21835,3040.3705406491686
21836,2270.2058856938097
21837,3366.675125187271
21838,2165.8660958173045
21839,2360.7154184699634
21840,1895.6157307198623
21841,3644.916379421413
21842,4238.954646116062
21843,4133.670402452149
21844,3608.071720480318
21845,2029.3899044263621
21846,2460.119007193785
21847,3602.0472065130452
21848,3638.3529345610195
21849,4210.619135748957
21850,2876.513320913674
21851,1968.8353271412254
21852,3474.6163729006284
21853,3039.706801528938
21854,2374.6863305113193
21855,2120.8116589692736
21856,2655.0570493762034
21857,2618.3256553886677
21858,3156.4771160166097
21859,2627.4600753341965
21860,4298.623355229616
21861,3355.0383077916854
21862,2206.1272923556544
21863,1912.1411589786362
21864,3304.6951063166243
21865,2926.9596169503848
21866,2258.354386783164
21867,2695.2006685625893
21868,3156.9819823694434
21869,2587.538820758322
21870,2215.8137470458305
21871,2218.936570371089
21872,2143.986543893933
21873,2824.6357545745072
21874,2123.108760266942
21875,2021.881585378318
21876,2187.8839283366588
21877,2236.495483426906
21878,2706.97497421336
21879,3513.364758493794
21880,2414.290182586425
21881,2167.4660053836888
21882,2968.804704030778
21883,2915.349837635655
21884,2598.5841267902415
21885,2314.423372688022
21886,2463.970359080685
21887,2521.06108926482
21888,3048.6491495821597
21889,2167.6239295660116
21890,3359.185936600127
21891,3048.6061891486825
21892,2489.076921373334
21893,2116.9166022468135
21894,2572.983533666163
21895,3677.7257776783845
21896,2252.930778886549
21897,2487.2308470891912
21898,2590.6002668563588
21899,3536.567866060969
21900,3013.712545692455
21901,3319.391578485325
21902,3157.774372426481
21903,2462.3470655458686
21904,3063.8074448787884
21905,1896.793221777076
21906,2069.2089771589576
21907,2736.48648635606
21908,3569.9382042921416
21909,2913.754139249708
21910,2964.7716659926346
21911,2359.223566444272
21912,2594.7797020965054
21913,3299.657923453121
21914,2093.594451740334
21915,2675.4889911206033
21916,3238.633943320318
21917,2520.0941680546784
21918,4402.427448083086
21919,3640.8238974599535
21920,2618.027925304411
21921,2621.4824660483655
21922,2440.986767965434
21923,1827.8396191792676
21924,3109.835062708801
21925,2155.1300983549654
21926,2111.9539499384528
21927,1903.9896104440595
21928,2053.5358336240356
21929,2580.7716659099215
21930,2779.535290172994
21931,2347.983298838154
21932,2324.4448179700403
21933,2486.2709745474053
21934,1820.8147805924905
21935,2281.554996274347
21936,2484.873201947828
21937,2784.39076849965
21938,2481.1388059269966
21939,2641.63128726174
21940,2095.6264519243105
21941,2854.526889189963
21942,2300.7460714533236
21943,2823.0763107358785
21944,2441.9529043692114
21945,3366.53701643594
21946,2198.8386725865475
21947,1887.6495431234107
21948,2416.349920602909
21949,2592.9990644391632
21950,2891.664975720285
21951,3571.1092817757153
21952,2284.8052137521863
21953,2678.0316644423497
21954,2600.3219160618833
21955,2438.571273266827
21956,3339.407123069874
21957,2702.6892066150212
21958,2600.8315682399625
21959,2112.247027300543
21960,2133.361198656641
21961,3289.036776562092
21962,2582.802367803288
21963,3047.5987223990733
21964,2111.728590631834
21965,2072.528977915424
21966,3125.4899473134856
21967,3070.5020486868816
21968,3284.2098360260034
21969,2479.5782358677666
21970,2044.1357539733322
21971,1907.5675009053145
21972,2834.155819562254
21973,2530.6906116488926
21974,2194.1037892385093
21975,2083.6846285664064
21976,2680.5432765170126
21977,1999.9331767622925
21978,2564.838283209319
21979,2256.403345168068
21980,2530.6944302720726
21981,2437.3986910827216
21982,3134.727700499832
21983,2548.3840488578344
21984,2641.989053969572
21985,2867.250512094204
21986,2298.682673951396
21987,2213.3351289617467
21988,2293.0440144125287
21989,3648.8299239807825
21990,2702.562200610074
21991,1992.9278204128404
21992,2219.582477227704
21993,2151.3278522779055
21994,2257.0274383410465
21995,3372.7814781475563
21996,3232.110076173502
21997,2455.57021496863
21998,2293.975589612468
21999,2285.662454444781
22000,2766.3291463501637
22001,2473.057912349483
22002,1995.2210333588287
22003,2333.0421198338418
22004,3048.3422430410365
22005,2353.241140562898
22006,3323.5518387002053
22007,2662.016589419951
22008,2705.0983143021567
22009,2838.5834690001448
22010,3076.3694021465717
22011,2505.786496625833
22012,2841.169906019276
22013,2212.7108170633655
22014,2712.498335215275
22015,3395.3364742193567
22016,2685.8520579211713
22017,3290.8220585658864
22018,3672.2884153111663
22019,2385.233280711825
22020,2980.5045862597417
22021,2298.1394541355153
22022,2295.3180405268927
22023,3101.2212926715647
22024,2312.68004460434
22025,2288.215450302327
22026,2687.211606578101
22027,2363.2601416396697
22028,2333.053848547028
22029,1840.4766104525345
22030,3249.152003235594
22031,2075.7274821790197
22032,2385.0373027563437
22033,2725.8618282499438
22034,2073.266964752592
22035,1805.5975223194446
22036,4120.416509855472
22037,1837.6214803143491
22038,2308.7800859969284
22039,2211.7529253626535
22040,2453.9838806235357
22041,2278.8751996720343
22042,2340.1809799739526
22043,3064.666614315576
22044,2221.9170030244577
22045,2079.771670936269
22046,2952.1597047149526
22047,2046.325240158848
22048,3354.3274660824745
22049,2515.4500849985416
22050,3140.7254808835287
22051,2657.7037530244233
22052,2406.114969195173
22053,1531.8350445151925
22054,2708.964636878855
22055,3320.1821964460505
22056,2124.06087552351
22057,3681.9732359089357
22058,2649.4978228693167
22059,2133.4530966964785
22060,3086.1430360722866
22061,2518.6909704862765
22062,2405.778322004925
22063,2082.7369005305354
22064,2357.4004251044867
22065,2321.113949658789
22066,3523.1209437699586
22067,1836.5272382201488
22068,2625.932823908065
22069,2403.757873135349
22070,3336.443508921529
22071,2286.0307554077262
22072,3800.7144884725567
22073,2895.658320297802
22074,2896.792250305096
22075,3035.5014298097794
22076,2221.3001027973237
22077,2493.103860551681
22078,2843.2746304575558
22079,2936.991275421527
22080,2081.706654863061
22081,2832.162600030544
22082,2250.2165329777813
22083,2795.3474378455276
22084,1980.833802083268
22085,2211.858979236271
22086,1929.1830286493841
22087,2471.7433071680457
22088,2191.4173377774196
22089,2185.6699532112616
22090,2646.4906317439045
22091,3480.8104786957606
22092,2150.7218905445798
22093,2952.6070942080114
22094,3089.067905630509
22095,2028.2669435105531
22096,1648.988078243689
22097,2715.285734861188
22098,4289.787327589511
22099,2160.3607080986276
22100,2468.303487992527
22101,2428.9377092877407
22102,2699.195910348377
22103,2481.1626592782013
22104,2047.9691683038407
22105,2243.466502076957
22106,2107.508880692998
22107,3195.800770156143
22108,2464.7142134038886
22109,2143.8727358739543
22110,2594.082638093705
22111,2206.7979059989157
22112,2485.662226839856
22113,2426.4790687948866
22114,2941.1788812823265
22115,2530.3292269124818
22116,2962.103080962661
22117,2238.87148586787
22118,3058.5785582950402
22119,2579.061322764387
22120,3472.9134035910292
22121,2542.6740049114287
22122,2606.497401324241
22123,2517.39366449285
22124,3137.4381273274066
22125,2507.780843986133
22126,1829.6793475498246
22127,1948.7451543761158
22128,2912.138637614976
22129,3587.039203000352
22130,2409.4100712618283
22131,3828.2566503620346
22132,2614.2687951396592
22133,1984.8241277191628
22134,2799.047206333238
22135,1886.3361609943674
22136,2430.0826759965757
22137,2357.7061296343845
22138,3240.7641168614728
22139,2565.671272112385
22140,2876.506419881691
22141,1923.3869671225698
22142,2883.2517209244897
22143,2402.0984136194975
22144,2567.8382358809886
22145,2119.2328333365967
22146,2856.806558393474
22147,1732.5250336751656
22148,2726.0692854988874
22149,3053.7794002030223
22150,2915.7437593001596
22151,2261.4736470019707
22152,2062.547662658459
22153,3285.863904212615
22154,1892.8438967190546
22155,2520.9949637661166
22156,2919.6712164687942
22157,3189.5273085536965
22158,2647.298182519195
22159,3949.4093135370704
22160,2449.083826081337
22161,3685.091613635458
22162,2603.029207288885
22163,2307.1292432752903
22164,3160.1754538484333
22165,2805.1597966700874
22166,2360.0350211948753
22167,2766.1455495494138
22168,3645.284931286359
22169,2706.7396265787347
22170,2752.6310958489157
22171,2395.9839130861887
22172,2236.4174432815425
22173,1552.861448931452
22174,2138.3790929477464
22175,2047.010961852779
22176,2002.075656004438
22177,3238.534595603638
22178,2406.5667452796415
22179,2397.4329470498255
22180,2086.4034816639964
22181,2392.6951026206466
22182,2357.7262929510357
22183,2333.6373489396815
22184,2120.133885716904
22185,2189.403777332995
22186,2487.21015351262
22187,3140.727150001563
22188,2380.119588589027
22189,2646.211517958862
22190,2466.615462375981
22191,1874.9803542341313
22192,2848.420946026349
22193,1906.3177461147916
22194,2288.9975686656617
22195,2969.8556387752515
22196,1770.9783159551916
22197,2225.1588732205028
22198,2165.8440646477866
22199,2517.1139633905254
22200,2726.5275350657794
22201,2835.063261861591
22202,2083.5936963569734
22203,2177.7513620114282
22204,3306.247976438497
22205,2475.809416434775
22206,2728.067449804479
22207,2526.0965481617154
22208,2540.7823125867008
22209,1912.5443037558598
22210,2044.0852338141854
22211,2346.318775560637
22212,2256.802688354832
22213,2241.605405890815
22214,3584.4107728723066
22215,3293.374597941267
22216,2225.654858350248
22217,2072.715531972874
22218,2790.359985367898
22219,2520.643306060494
22220,2569.543711695309
22221,2613.6179966174113
22222,2341.4209398701782
22223,3560.2262435493317
22224,2818.5864138152083
22225,2704.0290768357463
22226,2266.2671928123355
22227,1962.803557484151
22228,1975.0473229616678
22229,3409.6224135595444
22230,2549.3788660895007
22231,3236.4511662091736
22232,2126.4739639021313
22233,2378.388161973231
22234,2394.9342157184133
22235,2775.6794266693605
22236,3009.6458453679215
22237,2259.0053519322078
22238,2240.901091503164
22239,3180.4216636590686
22240,1939.3779963429047
22241,2689.5672502127927
22242,2334.6495703244154
22243,2524.5909386723606
22244,2723.647176349987
22245,2114.051358577828
22246,2370.981377545059
22247,4519.588760044667
22248,3155.4425630875958
22249,2419.740323670805
22250,2123.2411988103895
22251,3412.1018699515153
22252,3916.38816771559
22253,2202.621858441276
22254,3172.936700551526
22255,2595.1709778130426
22256,2282.9562756411065
22257,2966.9378485318384
22258,2227.123951081592
22259,2093.2620218905604
22260,2773.848381742498
22261,1830.450776493198
22262,2844.9039758441486
22263,4001.13259722308
22264,2671.031448866202
22265,2629.8828781575135
22266,2183.838229150842
22267,2574.324428568739
22268,2773.833156127125
22269,2849.4909408559324
22270,2792.4499589356756
22271,3230.3285563373265
22272,2251.916340892205
22273,2591.604437870743
22274,2588.824320331064
22275,2757.281505240737
22276,2962.4929886983805
22277,1939.4724943351064
22278,2120.883923755709
22279,1939.808037533838
22280,3344.187251372893
22281,2157.6828315548687
22282,2065.133264275668
22283,3824.125633199271
22284,2566.8390920639577
22285,2661.3548151547147
22286,3968.0791603232956
22287,3158.0793790915404
22288,3069.8765306368696
22289,2398.785242404736
22290,2866.975988904842
22291,3297.062599394018
22292,3842.6028795398497
22293,2358.9332804461496
22294,2302.758112666563
22295,2166.093430475863
22296,2087.588134796424
22297,3067.6019745815047
22298,2478.8924607316058
22299,3035.569309647507
22300,2684.859996613122
22301,2644.832231776464
22302,2031.7917132781408
22303,2294.4434790087903
22304,2207.626880761908
22305,2302.4731668702934
22306,2243.397498343956
22307,2636.573059755693
22308,2181.7998109346154
22309,3049.9430210722758
22310,2342.6821723288213
22311,3033.272811812072
22312,2781.2104259132866
22313,2607.2781186349685
22314,3106.252094819461
22315,3380.6912854428656
22316,2106.8709456571537
22317,2315.568420072116
22318,2018.570682894859
22319,2490.1386621812203
22320,3102.269619295725
22321,2359.5741099586826
22322,2684.4493797301966
22323,3251.107983932211
22324,2885.6451333624263
22325,2964.921367860888
22326,3223.754188916938
22327,2343.5388413502833
22328,2063.4523251715214
22329,3268.3699562861957
22330,2185.493589162286
22331,2045.8038703761317
22332,3967.770410406693
22333,2280.1995651510415
22334,1995.3759907519361
22335,2519.365825541584
22336,2595.448034799257
22337,1834.8848618082616
22338,2152.600793734643
22339,2995.757163384901
22340,2033.6100896631087
22341,2652.198456037091
22342,2868.247502563443
22343,3551.10352507935
22344,2628.2806147483207
22345,1911.1283755473894
22346,2375.6227390068457
22347,2769.5992110630496
22348,2489.3271297443935
22349,1910.8112437558789
22350,2784.393493015459
22351,2123.3326955049806
22352,2250.6703078566907
22353,2738.1188190759967
22354,2355.3254983229326
22355,2731.5468656160683
22356,2321.8196512640243
22357,2198.339364040917
22358,3517.881549611556
22359,2172.471137949067
22360,2553.4511382975666
22361,2139.873061992001
22362,2821.2931326242706
22363,2559.487437367136
22364,3066.949455281472
22365,2933.981852762444
22366,2289.4910569565545
22367,2073.6035369196775
22368,2712.594638432244
22369,2144.1965260156003
22370,2335.711613847815
22371,2302.530775676274
22372,2242.8679349597205
22373,2335.522232137398
22374,2152.065472768516
22375,2004.2411358262125
22376,3379.4987824337895
22377,1983.3243851378036
22378,3299.2437888855266
22379,1952.2656113089695
22380,2564.139151148246
22381,2901.0015211913715
22382,2088.711340497372
22383,1840.1289342540513
22384,2632.664226592695
22385,2067.921543910528
22386,2007.0347846002378
22387,2094.7140438587685
22388,3239.6365456423982
22389,1735.9578020086726
22390,3737.77466223778
22391,2478.3989034524757
22392,2414.968067041069
22393,2411.4486292332276
22394,2303.030465607816
22395,2281.311237617878
22396,2929.147701895889
22397,2789.740952168735
22398,3570.022739315857
22399,2999.2907544473583
22400,1876.821768654645
22401,3048.225244277861
22402,2867.371189844944
22403,2272.722578631169
22404,2225.9741590148105
22405,2210.7733929248334
22406,1764.289453253863
22407,2108.249597177025
22408,2067.9369495883966
22409,2333.3996360183883
22410,2555.9169006663474
22411,3307.2110130738733
22412,2394.9318976389895
22413,2039.7213098128418
22414,1505.253885292056
22415,2829.5388167244155
22416,1862.7633654970068
22417,2033.7633253287036
22418,2019.4625415067837
22419,2455.0399128617983
22420,2226.0091337697895
22421,2341.2931771581643
22422,2338.4217655875073
22423,4207.175699443114
22424,2060.6871499477297
22425,3378.220992370274
22426,2106.462722135818
22427,2112.1960277160883
22428,2459.736483610674
22429,2140.216617459945
22430,2746.2754757772327
22431,2963.1310509274817
22432,4120.231357913846
22433,2501.5179270218505
22434,3749.1328778395323
22435,2127.1081804802316
22436,2504.734148119327
22437,3829.225338615325
22438,1737.9910309085697
22439,3483.573548386893
22440,2190.0181854797747
22441,3598.6231351890483
22442,2420.273689256312
22443,2650.5527972988375
22444,2689.7320410020457
22445,2330.254015666366
22446,2593.5622768406056
22447,2356.0537268099015
22448,2100.9290658018244
22449,2799.6659615270864
22450,3518.857785507979
22451,2273.2214655551143
22452,2663.6860802671254
22453,3445.628120714089
22454,2724.5497147601745
22455,2275.7210651773603
22456,2275.6352093779874
22457,2684.2956474291937
22458,2073.8078160561868
22459,2545.020584810478
22460,2698.740443662643
22461,2997.087243115081
22462,3283.0358162417997
22463,3309.5578387561845
22464,1967.2352187688712
22465,2666.9457692464575
22466,1946.8062915236915
22467,2431.320679980523
22468,2998.3907756380945
22469,2830.855393451333
22470,2564.4966171900446
22471,2248.675685632682
22472,2331.23365872999
22473,2782.2795646320565
22474,2048.5107147254603
22475,1927.0043152277608
22476,3281.857683471704
22477,1570.0453426162358
22478,2717.3193067012107
22479,2548.6984899360527
22480,2496.69185216318
22481,2634.0521383869436
22482,2106.515746553049
22483,2253.640761376057
22484,2005.7064312143743
22485,3161.355405029567
22486,2334.254659132912
22487,3051.9354670834314
22488,3061.6071399722987
22489,2817.699884052963
22490,3275.293647447038
22491,2119.1930054390486
22492,2110.108919636502
22493,2986.2772437969456
22494,2293.817653757989
22495,2020.7142872632953
22496,2552.044841644079
22497,3288.1258525978956
22498,3229.9112928956038
22499,2081.7711964108175
22500,2858.989039469352
22501,1960.9521633898357
22502,2894.3161296252124
22503,2966.112672372843
22504,2656.0795869343074
22505,2773.100272167715
22506,2401.2315623508243
22507,2701.2002213729384
22508,2995.9877168646035
22509,2600.1690543563973
22510,3365.6564269158894
22511,2203.649905283056
22512,2900.450778236085
22513,4824.357940977485
22514,2988.5986916424145
22515,3457.3619937003955
22516,3321.8063828399227
22517,2784.2278699781673
22518,2643.2068073489445
22519,2540.0712100500896
22520,2414.479673566785
22521,3466.9214287965615
22522,3538.641571870833
22523,1909.5609400620951
22524,2202.0989948524066
22525,2925.2631313543925
22526,2164.7123297701546
22527,3324.1592157017985
22528,2655.1841523619623
22529,2757.2507100583616
22530,3069.151412935704
22531,2278.9548576802954
22532,2497.1110019073794
22533,2470.987353510341
22534,2712.2537465430178
22535,2242.8701567723433
22536,1955.1366637350693
22537,3310.2989860202224
22538,1742.775902624618
22539,2890.9017403761095
22540,2452.8744382791074
22541,3648.522215220446
22542,2973.8548499777417
22543,2275.1852972526676
22544,2289.7895283963944
22545,2154.0279875821006
22546,2619.7966238861727
22547,2496.363835674783
22548,2306.8148899345033
22549,2694.829678888476
22550,2180.8224714937223
22551,2104.2612521961782
22552,2931.446418666023
22553,2202.6863677896363
22554,2177.3725978035163
22555,2242.11912169506
22556,4729.4869313592135
22557,2089.4349861887877
22558,2552.5500726256587
22559,2729.038806780404
22560,2491.0801111822298
22561,3900.137771242811
22562,2043.0324461294933
22563,2838.408094575219
22564,2342.6044607304057
22565,2068.2433467419355
22566,3125.2499181094154
22567,1816.044796101605
22568,1980.0758113364677
22569,1807.8018219852495
22570,2890.800052955834
22571,2168.491532004611
22572,1983.6132262416663
22573,2268.613309080547
22574,2257.624353465277
22575,3782.1856676702973
22576,2859.7962307299185
22577,2899.3656840639333
22578,2890.7241859773417
22579,4594.650763306968
22580,2386.659536160606
22581,3292.592749481635
22582,2764.6964867484094
22583,2646.5721289514136
22584,2377.715628166576
22585,3023.01631086835
22586,3136.5134489595666
22587,1477.7554994182965
22588,3689.879925771784
22589,2762.5825219242834
22590,2873.974322206109
22591,2262.3450645923003
22592,1974.7504512686055
22593,1914.5141799358857
22594,1942.6995703473142
22595,3044.3573877237413
22596,3451.906027460491
22597,3117.092686130898
22598,2062.2652612382494
22599,2646.2464519702016
22600,1963.9726435691612
22601,2155.7369445999016
22602,3367.63839637808
22603,2756.496445465751
22604,2325.031555451831
22605,2402.6007161427306
22606,2146.308954567005
22607,1921.8757963970256
22608,2813.5729740971656
22609,2121.02498045233
22610,2461.0976891157075
22611,2607.614725302234
22612,2262.458997982487
22613,2551.922293142747
22614,3698.7794143898573
22615,3354.835733082922
22616,2681.63998546919
22617,3478.7325891224036
22618,1988.0013072160277
22619,2093.6738232712596
22620,2646.97835810905
22621,3299.7366078309924
22622,1818.882491884342
22623,3173.484831080782
22624,2386.5487137238333
22625,2341.31852733437
22626,2136.8089205457227
22627,1994.9124826562445
22628,2592.8048632309624
22629,3298.4478435442597
22630,2925.379768250192
22631,2103.05628564145
22632,2599.8625882199317
22633,3065.584936311516
22634,3181.366736067023
22635,2544.435547520548
22636,2533.5775624550133
22637,2141.170009900993
22638,3037.419948233332
22639,2015.5854027381856
22640,2111.8090571077055
22641,3416.456461317221
22642,2627.4775709057603
22643,2260.9143769683305
22644,2599.5574555649237
22645,2034.4304483545875
22646,2226.861141327326
22647,2122.614656071218
22648,3308.149275510754
22649,3372.352139654357
22650,2435.618321661144
22651,2455.9106341954557
22652,3147.9082705773753
22653,2177.187104066917
22654,1997.652660252601
22655,1953.0822670728758
22656,3134.3602470558317
22657,2081.774084375549
22658,1868.6380692937407
22659,2535.449933873174
22660,2941.261480272778
22661,1887.0718117071492
22662,1876.0423151779721
22663,3888.2781220611296
22664,2095.38160548801
22665,2891.231092616287
22666,2694.717699715494
22667,3746.439849442242
22668,2739.3022933878265
22669,2168.7751048161826
22670,2307.1908433798826
22671,2086.200713929422
22672,2232.830053908563
22673,2964.621541861993
22674,2440.1257770103157
22675,2987.534539386668
22676,2353.251875588222
22677,2270.5045393491196
22678,2093.3336843532975
22679,2532.0579738104807
22680,2246.575007784541
22681,1972.6933349642009
22682,3074.5074929166785
22683,2260.6111233450183
22684,2861.4754709540243
22685,2529.0655826073157
22686,3308.0284062698292
22687,2197.907433491734
22688,2788.7838423260564
22689,2069.753225093955
22690,2995.0793305768257
22691,2483.3486888568177
22692,2917.2884704772596
22693,2836.1831143510226
22694,1837.3989435637154
22695,2554.60728825035
22696,3185.470228889256
22697,2475.9062613633328
22698,2623.5201239393227
22699,2441.9648508668142
22700,2445.509818729547
22701,2379.0591362568694
22702,3522.8315818785827
22703,1845.6949783734585
22704,2707.1898116625875
22705,2515.3094197423916
22706,2468.8466694535236
22707,3782.5027309741563
22708,1940.6702786811607
22709,2539.2505471160935
22710,2433.342546854679
22711,1988.5263548598011
22712,2277.351834351637
22713,2392.5251802149396
22714,2721.3740189220516
22715,3374.780296916622
22716,2018.5458527738028
22717,2375.3384572999935
22718,2719.9903553807894
22719,1835.0812725908463
22720,2647.0803493589806
22721,2345.0981855812515
22722,1984.343639432148
22723,2202.500601903822
22724,2316.6247144909657
22725,1939.7759409681025
22726,2242.6221860561764
22727,2980.0027333869343
22728,2588.4797088352116
22729,2273.270369897785
22730,3280.7237584724453
22731,2713.893339114381
22732,2187.755625549974
22733,2588.006794314205
22734,3023.948896840481
22735,2545.246767000354
22736,3009.2066599965983
22737,2323.7629291760672
22738,2953.3859819047693
22739,2966.518328690101
22740,2190.3630333313213
22741,2309.9457992146754
22742,2898.4953424730306
22743,3720.770753555569
22744,3205.6627693210394
22745,3073.0033479452386
22746,1863.745446020524
22747,1847.9685836396297
22748,3009.779900163954
22749,2929.653509181581
22750,2509.914687361201
22751,2000.459765152535
22752,1905.378524381837
22753,3347.6377718740573
22754,2098.6847133033943
22755,2220.8406905178385
22756,3106.1820995094613
22757,2997.6503536722144
22758,2254.3889257300225
22759,2049.495493657651
22760,3663.0969937924738
22761,2616.7482116037586
22762,1989.4814471609031
22763,2873.100657858361
22764,2361.163437877554
22765,2170.3347449110306
22766,2366.891611207095
22767,1927.7761680431977
22768,3291.9477461917095
22769,3525.8165535496546
22770,1986.1089381123682
22771,2171.4760700259567
22772,2163.873571239443
22773,2765.7187890402256
22774,2807.600035602508
22775,2009.693596412597
22776,2052.531897390312
22777,2493.314851327547
22778,1941.5083627741342
22779,2122.8710010586506
22780,2920.516756652403
22781,1948.0498612119623
22782,3312.4960089704546
22783,2283.098941476547
22784,2148.777654424984
22785,2256.564497524076
22786,3228.0782827506273
22787,2024.1338229531295
22788,1980.0325097843745
22789,3228.4132760021203
22790,2089.013095111915
22791,3226.1121454386857
22792,2087.135969521946
22793,2406.6186033802664
22794,2670.038276818852
22795,2220.095107377952
22796,2239.3581460539162
22797,2225.0272010373046
22798,2523.08328020883
22799,3340.15154329246
22800,2373.535915675834
22801,2714.0018523564977
22802,2246.8729241161905
22803,2367.9995034919757
22804,3084.0013631751144
22805,2384.4148428779777
22806,2109.1694327039345
22807,2209.9603623752646
22808,2098.8190688876384
22809,2019.3962015014945
22810,2895.0738776181106
22811,3298.1578543693126
22812,2255.3932239734536
22813,3253.3094186057824
22814,2757.0670969458633
22815,2590.671300359685
22816,3382.4155128649595
22817,2443.2723994420967
22818,2207.541276350178
22819,2386.681847054324
22820,1922.5439939931985
22821,1929.1537016466175
22822,2224.105097625309
22823,1915.2989218880036
22824,3059.209313878775
22825,2424.1776564197326
22826,2060.871986224139
22827,2531.9547031917214
22828,2415.872622764464
22829,2411.1759805056126
22830,3113.7034274934226
22831,2155.585475575441
22832,2612.6351016194176
22833,2199.9142031310803
22834,2125.65154229552
22835,1973.6635814828599
22836,2440.0909549998887
22837,2268.5238808761924
22838,2347.4822627419903
22839,2501.977760688974
22840,3295.042779430197
22841,2864.0326119096935
22842,1982.223424682189
22843,2358.3370729389985
22844,2721.7336426336133
22845,2168.8150847034776
22846,3109.409860474477
22847,2883.687896717338
22848,2905.5615925993716
22849,3086.6389435234646
22850,2232.646878234837
22851,2685.652026383502
22852,2734.473152215018
22853,2376.5692744117396
22854,2261.193219888858
22855,2082.682895100466
22856,3244.5174050407145
22857,2395.603435350763
22858,2560.9750522107684
22859,2797.9631058105256
22860,2729.1801708588205
22861,1585.9864261320113
22862,4634.517523446031
22863,2428.041113249667
22864,2331.251742855947
22865,2135.685785408827
22866,2233.761819600856
22867,2068.9647198030084
22868,2001.0531347339943
22869,2086.4844289399953
22870,3234.3268033910736
22871,2014.733192742688
22872,2762.3516790032786
22873,2756.690963117575
22874,3318.401800281609
22875,2398.449459145383
22876,2608.6262316620723
22877,3161.117756665956
22878,2260.138991703988
22879,1983.492705041329
22880,2536.3946001180993
22881,2018.3564061674
22882,2010.7745424478921
22883,2192.4782425235603
22884,2321.3938909321423
22885,2385.893165395553
22886,1788.3150016224415
22887,2364.856004111165
22888,3083.189109716798
22889,3740.526852020157
22890,2708.5543823279922
22891,2732.2763372507643
22892,3472.6373323526095
22893,3077.46756202137
22894,2136.349349642248
22895,2245.752930668181
22896,2949.9381741206344
22897,1857.4901517824792
22898,1942.1102282945144
22899,2366.470260836881
22900,4068.2077200721315
22901,3041.0898305992005
22902,2145.0361878718372
22903,2477.0575235739907
22904,2337.720272062502
22905,2341.2491469694264
22906,3070.546272619538
22907,2022.6563126434048
22908,3108.349872255329
22909,1963.1549870851595
22910,2307.6199263368767
22911,2434.9558481155937
22912,2065.7303265970017
22913,2297.0853686001346
22914,3439.7171911485684
22915,2441.455329664941
22916,2819.936654734267
22917,2083.3396107931867
22918,2668.4991288612355
22919,1919.8951999156654
22920,3481.743451134347
22921,2295.713130975575
22922,4741.445325564759
22923,2543.2993689169407
22924,2406.0105145779194
22925,1897.8332088593131
22926,1922.8635792951775
22927,2635.5434286522272
22928,2392.0477900950946
22929,1995.1969025202102
22930,1925.24459481438
22931,2155.4807967427687
22932,2622.6658070885355
22933,2588.7435790611016
22934,2127.069290031471
22935,3142.2746150901958
22936,2217.4382451415436
22937,1995.3495593572616
22938,3375.7841897206063
22939,3138.092866931864
22940,2325.2082463478887
22941,1808.4571067489967
22942,2221.6591533444207
22943,2324.6490364464266
22944,3535.127407306072
22945,1966.8695914481164
22946,3303.7164457637127
22947,2430.3558252174207
22948,2839.226463533403
22949,2125.7413161952813
22950,2349.9763986056764
22951,3685.8094409146424
22952,3584.2357282541857
22953,3217.4438733467487
22954,3469.089924984105
22955,2031.1108440943271
22956,2307.3316398429806
22957,2763.003362529482
22958,2761.4788109727187
22959,2460.545996909856
22960,2716.540857923158
22961,2818.235882572191
22962,2368.8116583947713
22963,2003.7516651228193
22964,3474.9245387416795
22965,2426.5149618534756
22966,3085.9001565101344
22967,2744.1319294981254
22968,3410.2038121321348
22969,2565.431674637449
22970,2124.7034714299434
22971,2781.5438269933475
22972,2633.311521513744
22973,2524.7279841433638
22974,2590.888048339523
22975,2288.015310606731
22976,1841.3845035424174
22977,2282.4021809095652
22978,2128.9782564511115
22979,2805.0599908855274
22980,2247.8543934038908
22981,1875.7388658013374
22982,2400.7855090840817
22983,2938.435075298317
22984,2036.413612738649
22985,2057.256639545635
22986,2913.602962562342
22987,2359.611165345758
22988,2420.6509333263684
22989,2770.5804955222757
22990,3845.9998316765386
22991,2113.197027732709
22992,2728.87090913473
22993,2076.7392730931974
22994,2154.7854332469255
22995,3920.2869044586623
22996,2521.236919409778
22997,3032.999312607253
22998,2102.9827797349403
22999,2286.5862826078337
23000,2074.725551391456
23001,3616.081860677544
23002,2622.1658774798734
23003,1918.5128860719292
23004,2190.982486212277
23005,2999.420944873547
23006,2152.027274664447
23007,1872.147549154517
23008,2827.8520982132713
23009,2384.8278009479895
23010,2337.0673896754597
23011,2120.9762134713055
23012,2932.4462311091643
23013,1738.6289098235834
23014,3030.573177758366
23015,3982.4165894800385
23016,2824.6757922693187
23017,2095.006355435264
23018,1957.6600594627891
23019,2207.6076789015005
23020,2683.5636786184987
23021,3505.958416062091
23022,2461.946169210357
23023,4241.42221400167
23024,2116.9303837728294
23025,3805.701780805938
23026,2757.052760218641
23027,2548.841279638797
23028,2332.4187518855356
23029,2434.399271985636
23030,2289.7752145592185
23031,2893.750074829338
23032,1951.4023099483882
23033,2064.9326259665236
23034,1895.6833574242191
23035,1880.369911157867
23036,2330.172842970485
23037,2278.7177852297073
23038,2053.954055954452
23039,2100.1144478244514
23040,2323.700838930109
23041,2639.5981008825647
23042,1994.514767782559
23043,2163.4231246896425
23044,2871.4941330611937
23045,2224.102288048724
23046,2929.1427222074335
23047,2802.8068526960947
23048,2350.717865945243
23049,2140.571404796831
23050,3374.426977819646
23051,2221.674147038671
23052,2406.0419030007647
23053,2158.687570107795
23054,2549.96506341184
23055,2620.9928110635747
23056,2103.206591939799
23057,2096.7216355141436
23058,2779.368403532638
23059,1933.244524857932
23060,2713.6482792724623
23061,2536.363598939616
23062,2067.82782599681
23063,3048.2941218866
23064,2975.8996658540805
23065,2929.956438206411
23066,2743.0723234687875
23067,2191.978990704083
23068,2184.0054586034466
23069,2388.435690680036
23070,3504.3852674916293
23071,2421.7385600429593
23072,2176.2398105462626
23073,2001.0307953577726
23074,2361.823277710137
23075,3143.5336117734364
23076,1878.1594626047518
23077,2343.5617910447654
23078,2255.8769944347505
23079,1350.8678231369604
23080,1977.9006701320768
23081,3071.6573617664617
23082,3021.4390235687497
23083,2577.209640308415
23084,2233.111835085745
23085,2195.525598676724
23086,2978.061536060198
23087,3472.9089247639713
23088,2224.7376730722485
23089,3555.1468060374846
23090,2695.2351124653856
23091,2468.36852624298
23092,2111.6419699305798
23093,2531.6107406139035
23094,1909.3866791724108
23095,3359.621569752593
23096,3115.3203274071943
23097,3190.424445819678
23098,2864.648247791442
23099,3692.615169655691
23100,1509.1317305831483
23101,3251.2300528496544
23102,2824.3386860083224
23103,2170.1503236594463
23104,2054.9244024039617
23105,2396.668288350371
23106,3324.883179168141
23107,2285.097553316116
23108,1938.2571645489268
23109,2118.2188616676412
23110,2470.1150027955746
23111,2506.389642405488
23112,3382.034924245423
23113,3557.111613827953
23114,3530.9520856834356
23115,2414.7546511795927
23116,2888.311328823875
23117,3949.267211026753
23118,1913.164207793233
23119,2594.6977355488934
23120,2520.7042114102264
23121,1898.514569061007
23122,2914.8136161740244
23123,1816.418915856516
23124,2503.329326970781
23125,2161.290092254594
23126,2497.3203322367467
23127,2526.1525172458355
23128,3305.1450852500575
23129,2346.5506445954748
23130,1881.3962529854546
23131,3104.3253688762566
23132,3389.64454693331
23133,2725.5842498020093
23134,2149.6032945213738
23135,3488.302177838733
23136,3835.6343288953585
23137,2864.3931520004435
23138,1937.441293591913
23139,3212.9410144891153
23140,3277.558931780788
23141,2088.1049408686094
23142,3798.7680869855913
23143,2296.7079799422436
23144,2868.1970401639346
23145,1989.2993174718754
23146,2762.9641245854637
23147,2777.6752354750183
23148,3178.491576409948
23149,3085.942448404012
23150,2192.468326669199
23151,3139.5453577009066
23152,3025.1789612117173
23153,2499.236367822893
23154,3352.205911247883
23155,3601.3411833704013
23156,2883.9910561240004
23157,2008.5550810929171
23158,3106.38371563386
23159,3254.4211831366483
23160,2367.183837879281
23161,2250.958331839586
23162,2269.6902735103063
23163,2126.684037240999
23164,2612.1089430276566
23165,2639.155684811223
23166,2358.0584944751145
23167,2993.049043797205
23168,2377.2736647521406
23169,2482.408074705655
23170,2696.2318367474227
23171,2557.8167250382267
23172,2126.553597474319
23173,3177.374048563208
23174,2528.9996125560538
23175,2708.843783492185
23176,3188.4877452479323
23177,2399.621036775329
23178,2013.2312441717002
23179,3110.0437281233926
23180,2023.5048143594745
23181,2277.6975207112064
23182,3478.4547575220845
23183,2036.417966678605
23184,2011.0599515798176
23185,1983.1301798433983
23186,1888.8879451623084
23187,2907.253698641949
23188,2074.0467361982337
23189,2591.0293606685946
23190,2673.586525789032
23191,3104.9972135411026
23192,4066.3619149867363
23193,2191.845837186692
23194,1878.21685266725
23195,2664.3209194392466
23196,2278.207617243484
23197,2902.87462292594
23198,2436.8144154842016
23199,3397.720831435896
23200,2694.3452214990743
23201,2152.8426627763865
23202,2481.878060364861
23203,2779.3856576818434
23204,2367.2060673937576
23205,2210.5967430815385
23206,2213.190138348754
23207,2917.4896478981937
23208,2774.984807182186
23209,2397.2950512295047
23210,2014.1907318134733
23211,2337.9256723236067
23212,2471.105967396945
23213,2026.5043706151068
23214,3136.2338106716097
23215,2814.596969840217
23216,3052.273284441916
23217,2489.519840894051
23218,2559.8193873144264
23219,2283.386813087154
23220,3302.5925145004358
23221,2771.8299216344053
23222,2762.7968395239586
23223,3476.598740913144
23224,3138.85324592461
23225,2631.2220952161592
23226,2200.6042229946547
23227,3127.9854925644518
23228,2269.8188583981637
23229,3015.960037148645
23230,2029.4628616091761
23231,2846.62141692897
23232,2712.490635416047
23233,3027.307628737278
23234,2014.4123373113098
23235,2570.5412028624387
23236,2941.844393236096
23237,2658.6619662255034
23238,2085.7344131685954
23239,3470.4731722908436
23240,2504.644945660891
23241,2041.207550149846
23242,2199.93195009957
23243,2378.186480022617
23244,2913.9546119517704
23245,2616.4505961053037
23246,2275.6399387303586
23247,2905.7977006906076
23248,2435.2288747314446
23249,2029.7079106014633
23250,2233.1937752110607
23251,2954.66046455355
23252,2410.745300386739
23253,3821.9590586573004
23254,2900.693607098492
23255,2953.2736653800735
23256,2450.5940618116306
23257,2047.0690224966534
23258,2408.1725792737066
23259,3026.548558055865
23260,2496.2246408134333
23261,2853.257359106467
23262,1847.4931983184329
23263,2440.7743772731837
23264,3622.2931475711935
23265,2223.0490983107943
23266,2515.5376434353907
23267,3679.2659242188347
23268,2500.358260585539
23269,2149.7861860202297
23270,2664.7568591264553
23271,2028.3806579626425
23272,2996.034042907174
23273,1976.6555659483665
23274,2247.4785834396434
23275,2559.192838174793
23276,2186.8177653531493
23277,3489.0588388374617
23278,2325.965008414065
23279,2675.68666882918
23280,3071.798307318612
23281,2634.5791015020673
23282,2581.2971075785445
23283,3116.626620182469
23284,2273.73652930345
23285,3468.4316586353957
23286,1836.8345465498078
23287,2986.3855442726353
23288,2384.6156002612497
23289,2188.4138838256395
23290,2376.718176623034
23291,2031.5203236649534
23292,2423.333351506128
23293,2528.6072290229276
23294,2034.1244975727118
23295,2803.761586119781
23296,2165.4829766652047
23297,1890.9911596017298
23298,2214.603804946861
23299,2063.215102987357
23300,2339.691595449004
23301,2141.9784545673697
23302,2279.695449464257
23303,2986.285361916829
23304,2848.813990365963
23305,2676.4672758312436
23306,3430.55650967099
23307,2478.606834720872
23308,2144.8981195563824
23309,2646.0811416636393
23310,2477.2993001187547
23311,2050.258075076275
23312,2070.368426317563
23313,2132.444795653806
23314,1935.1027832235086
23315,2765.2847216505456
23316,1749.8039019522093
23317,2855.3823053934757
23318,2306.603450286948
23319,2743.803221006937
23320,2163.5391298108975
23321,2485.7165149282728
23322,3624.868580609583
23323,2481.7495100590736
23324,2088.7676337063895
23325,2375.100741242524
23326,2169.427483161583
23327,1970.7006289818369
23328,2347.6113911351017
23329,2658.515640768632
23330,3021.534122637331
23331,2362.686647629811
23332,2401.114704796486
23333,4010.687162404744
23334,2526.724455328708
23335,2144.403320837549
23336,3471.808144607936
23337,2408.2387913131233
23338,3308.8970321511024
23339,1787.4411613119225
23340,2222.9861131793105
23341,2585.7872636999336
23342,2219.1989608416707
23343,3395.084934558647
23344,1582.7344088027207
23345,2166.3971574675943
23346,2969.1811897031457
23347,2676.7384996731626
23348,3421.255870661512
23349,2732.1730642712037
23350,2583.7157527037643
23351,2641.293743305176
23352,1894.8841157295608
23353,3297.7614801094587
23354,2429.680868094235
23355,2130.767311651874
23356,3204.9641741579053
23357,1811.4995624780204
23358,2548.6223366952045
23359,3216.3936341521194
23360,2507.553866052713
23361,3221.596343270712
23362,2731.0771944013577
23363,3259.6547681798434
23364,2346.759296509269
23365,3320.5826058568687
23366,3441.5342379112903
23367,2595.5332581216294
23368,3548.829755277246
23369,3084.762294594737
23370,2210.4010167752103
23371,2445.5192905043195
23372,2351.2396101656586
23373,2684.298784767391
23374,2814.246087507594
23375,2306.329915568882
23376,1937.0746936697544
23377,3208.9415900580943
23378,2884.59015617281
23379,3098.749703790104
23380,3168.0157952025343
23381,2340.827392873548
23382,2751.2895554475344
23383,2099.440092528717
23384,2097.611298747885
23385,1992.533675105717
23386,3477.4671121066103
23387,2945.097850298336
23388,3395.665494198217
23389,2603.4278177019573
23390,2871.3351972921655
23391,1980.7491670930176
23392,2669.7127864203567
23393,2151.183888786989
23394,3312.200542253844
23395,2432.1485771112575
23396,2090.18638475318
23397,2170.879627856723
23398,3709.6041380811503
23399,2079.6821777113746
23400,2879.456789531976
23401,2609.9975383840656
23402,2290.5150812646507
23403,3579.526494615569
23404,3445.3644878713476
23405,2251.013384333641
23406,2872.1746514757097
23407,3657.7654901244823
23408,4245.7395525338125
23409,2051.3026918144888
23410,2043.0917157977015
23411,2498.263154682717
23412,2290.086994722964
23413,1921.4618672309805
23414,2883.00676346219
23415,3524.735891146829
23416,2291.177714393781
23417,2323.522440940347
23418,3329.9037500227387
23419,1686.8935627807105
23420,3472.6531686768203
23421,2860.9015276567307
23422,2803.847619034432
23423,1968.9515986276297
23424,2341.0544500579185
23425,2708.738173634195
23426,2227.514910625952
23427,2467.843206770369
23428,2209.334586463222
23429,2883.9894238414827
23430,3258.9767615560554
23431,2755.748414277553
23432,2099.8614355688314
23433,3277.0913130868507
23434,2620.81942235434
23435,2874.2304983626423
23436,2287.1284566937293
23437,2615.367694802496
23438,2261.0076363015696
23439,2891.224255622419
23440,2439.6471835740736
23441,2483.1064901917493
23442,3097.3491418726494
23443,2581.211939438402
23444,3169.548381107277
23445,2140.968870775296
23446,2009.5788619266048
23447,1820.503208595918
23448,2837.747256864004
23449,2167.6239295660116
23450,2835.187947232319
23451,2492.712793093713
23452,1891.978227689745
23453,3354.845262277816
23454,1938.9691028546029
23455,2083.200012384475
23456,2687.6173008459505
23457,2477.6194609619224
23458,2013.786094331805
23459,2400.9675496727377
23460,1996.8265868548524
23461,2078.4450671599634
23462,2001.1402259022911
23463,2227.2192580652563
23464,2721.981335923894
23465,2589.789536538024
23466,2498.1008790084097
23467,3111.811672420833
23468,1897.2108342866684
23469,2034.3580581524407
23470,3788.960952187489
23471,2284.65156483429
23472,2309.3635051224464
23473,3130.4146564730827
23474,2669.60997968995
23475,2813.901232844706
23476,2271.8203488292993
23477,2004.069464847538
23478,2278.9481026589096
23479,3240.2656866481866
23480,2074.856149160921
23481,2024.712875765492
23482,2335.203282972763
23483,3134.893158287708
23484,3124.656831716081
23485,2158.6561279885827
23486,3389.3494822218263
23487,2775.442987941392
23488,2427.0240611124877
23489,2788.638867023814
23490,2413.5745304018706
23491,3033.320612851432
23492,2213.6711633030895
23493,2158.613972753419
23494,2781.139600681614
23495,1920.0216300510451
23496,2892.2372338261866
23497,3716.0959501265575
23498,2802.7115904590796
23499,2334.7880599956543
23500,2039.1620364341695
23501,2623.2039367756793
23502,3325.652715689889
23503,2344.121621627227
23504,2028.4766452578388
23505,2162.9987451199904
23506,2519.3580219130845
23507,2125.792653946719
23508,3204.218641549809
23509,2398.2535260180452
23510,1927.2732671488247
23511,2705.8770319698147
23512,3316.8454859236153
23513,2266.816193678426
23514,2706.9557656122215
23515,2170.1661148300655
23516,2042.801403586599
23517,2276.732372694242
23518,2657.6207857006607
23519,2088.1120677373674
23520,2503.7118891915234
23521,2200.510778115152
23522,2922.411732587925
23523,3252.0437372892047
23524,3081.989815118507
23525,1878.9166500884714
23526,2999.5572207591918
23527,2453.1196438545153
23528,2636.880398317502
23529,1973.1346781688392
23530,3685.92135270451
23531,2003.3145458034805
23532,2360.3667154432114
23533,2459.424054663211
23534,3205.0010605882067
23535,2330.307253514023
23536,2318.7427063021364
23537,2139.577983425408
23538,2707.262977312642
23539,3483.1226202188027
23540,3062.9216311728997
23541,2140.2466860563895
23542,2796.2369273368604
23543,1977.775512554017
23544,1939.5000356952933
23545,2696.0733593380573
23546,2042.2337986560337
23547,2606.190752392562
23548,2195.6222112686305
23549,2030.8689786132397
23550,1934.6763850321533
23551,2412.2308283632183
23552,3362.3314354088257
23553,3235.0431155074675
23554,2965.3675136815777
23555,2803.215587013693
23556,3444.560608633822
23557,3149.908872373966
23558,1858.2578699911608
23559,3266.3006720116036
23560,1426.7027423840268
23561,2275.508166477155
23562,3959.8103504618703
23563,2921.3340077915777
23564,2915.4234385825803
23565,2449.587931452027
23566,2361.8967951870277
23567,2698.1747548459116
23568,2806.2077607919755
23569,2077.902455304068
23570,3256.290307778512
23571,3420.7602095769553
23572,1953.4426202256195
23573,2318.3843136849146
23574,2227.716858475499
23575,2294.2214608717927
23576,2556.190947290387
23577,2171.8159801107613
23578,2210.4005420299854
23579,2466.6197042300896
23580,2105.220869793524
23581,2118.3253829718533
23582,2601.6494439416983
23583,2401.779903773433
23584,2754.1463060286246
23585,3169.6920389195507
23586,3444.737132601897
23587,2402.525722555079
23588,3393.6479578208127
23589,3200.9825765690584
23590,3197.299354552107
23591,3237.43864501105
23592,2740.1261140185607
23593,3531.754620634514
23594,2454.8607890407775
23595,2507.1962477469215
23596,2587.043080462464
23597,1902.8571868643276
23598,2148.804098675392
23599,2553.5930507253424
23600,2273.3123521419325
23601,2625.9352067099935
23602,2376.3300596243903
23603,2002.0654049105565
23604,2407.3749770681875
23605,2669.6334028737037
23606,3009.4195160557547
23607,1945.9143802441924
23608,2714.7764225841092
23609,3322.0167130748223
23610,1968.6140849512667
23611,2701.7128728459365
23612,1985.186144824507
23613,3446.4472884160605
23614,3307.602774916853
23615,2401.548317905353
23616,2863.72693342044
23617,2098.3265354103405
23618,2782.601490893488
23619,2321.07295858874
23620,1995.687912386416
23621,2223.6551452397684
23622,2169.425383870317
23623,2202.596617439306
23624,2368.955914959475
23625,1665.1989663987758
23626,2277.625945450091
23627,3455.2812609440743
23628,2885.6599960065478
23629,1959.1648617807978
23630,2112.8466212939843
23631,2856.750663487529
23632,3371.7157667656147
23633,1953.0150526638884
23634,2546.2403367083343
23635,2564.07571410664
23636,2714.750457119464
23637,3046.2788115111744
23638,2456.9845873854765
23639,1885.9517493308886
23640,2549.330302795442
23641,2135.6571267625714
23642,2666.335573371348
23643,2970.3573376889935
23644,3689.878759007601
23645,2570.4228827257266
23646,3636.8931484611617
23647,3374.5496483643537
23648,2604.0276033038817
23649,2732.9515506311063
23650,2611.6130374516933
23651,2334.557383565655
23652,3558.4599262904685
23653,2250.4919599684818
23654,3517.7344059746065
23655,3267.271093323106
23656,2837.2739110470784
23657,2422.3456956726795
23658,3136.1603571161536
23659,2285.529596803839
23660,3534.9481391895074
23661,2228.1040877515425
23662,1830.2607123163584
23663,3232.52755604072
23664,2315.9722300517624
23665,2553.4169170404443
23666,2043.1153068031495
23667,2483.751770115252
23668,2171.922648008605
23669,2334.632804074047
23670,2175.3947214091745
23671,3403.1651032747905
23672,2769.327956609541
23673,2654.9356105082725
23674,2584.2434918800827
23675,2325.5073774609546
23676,2620.7380092628946
23677,2737.5358504561373
23678,1866.4497279596071
23679,2756.310343636726
23680,2328.7376143099987
23681,3091.9037801624463
23682,3457.0826984435826
23683,2732.5061615265286
23684,2807.3691014515334
23685,2081.587304552416
23686,2723.085087052972
23687,3024.002692882632
23688,3326.444916367129
23689,2131.4695178386564
23690,2328.9259592134595
23691,3020.6896289485157
23692,2489.1376760636053
23693,2553.2664383092992
23694,2611.5302605081747
23695,2017.2173406820775
23696,2659.341538460656
23697,2337.1003200285695
23698,2290.857457141411
23699,3375.3746010612363
23700,2466.7452183014198
23701,2895.2664049481305
23702,2220.0393415920453
23703,2205.6659471884423
23704,3023.840279524813
23705,2446.6270254098567
23706,3352.5377440107827
23707,1885.255320737058
23708,3183.235716597619
23709,2660.4282241122346
23710,2190.3649120078885
23711,2436.654755969197
23712,2844.354770423446
23713,2317.435243532137
23714,2379.5968328905265
23715,1971.942464757369
23716,3327.2473399745295
23717,2114.9292724462275
23718,3236.7932626692264
23719,3241.082326972605
23720,2827.7202062232855
23721,2316.2689766427347
23722,1890.6762622925908
23723,3688.9394043458633
23724,2766.3086644188957
23725,3228.409474174569
23726,2274.256638790529
23727,2495.025051187367
23728,2260.722769037748
23729,2392.2725464975406
23730,2854.798878360206
23731,2036.0779687262852
23732,3276.89932162087
23733,2364.406558899367
23734,2550.7609128615177
23735,2078.393305679171
23736,2085.5566880904935
23737,2543.9958112449085
23738,3613.865989337976
23739,2550.994144588538
23740,3691.5970015921034
23741,3179.436951871192
23742,3257.0555253758794
23743,3540.1896236643984
23744,2546.0188943001845
23745,2459.643515249028
23746,2721.9556785139425
23747,2226.9591076453576
23748,2734.8297240455795
23749,2234.7514602917818
23750,2282.2015760254985
23751,2245.802296384221
23752,2169.786056419255
23753,3681.048187238239
23754,3633.0571409914724
23755,2523.2182680275037
23756,3117.649205294105
23757,2448.7461817199496
23758,2930.6934686499
23759,2038.6404036018432
23760,2229.4054002210446
23761,1980.0938766921058
23762,3332.228070139612
23763,2099.157313645958
23764,1647.934805881237
23765,2283.6363478797116
23766,2184.8081096108403
23767,2749.8864458038734
23768,2522.3516646597227
23769,3020.5986468884976
23770,2830.7056053685756
23771,2894.856035206066
23772,2742.1970485704
23773,3566.805539180918
23774,2240.344349432353
23775,1908.7544294814315
23776,2371.506596955654
23777,2191.4806124520546
23778,1903.1169269464897
23779,2356.650286078844
23780,2692.2937042350027
23781,3738.786257989668
23782,1886.6511376061126
23783,3393.7538246895556
23784,2956.9042305816083
23785,2595.9017613636743
23786,2086.2285827358
23787,3023.6408370724016
23788,3104.733158551674
23789,2810.7378514394222
23790,2062.2035771446026
23791,2760.4506320685414
23792,2497.12255173544
23793,2699.183046041537
23794,2094.5870990093104
23795,2697.555009348338
23796,2110.2133136714774
23797,2619.118389671533
23798,2442.786114551644
23799,2542.7010027318565
23800,3653.5644190186613
23801,2142.1394714597645
23802,3166.5627883058432
23803,2049.6461842085664
23804,3421.915050631709
23805,3221.771079805002
23806,2063.1667712310864
23807,2359.014027938415
23808,2370.7264715352844
23809,3067.471747764916
23810,3606.967102454897
23811,2643.125200075164
23812,3251.01604382428
23813,2191.9831178183777
23814,2334.4322800905093
23815,2292.9556954417785
23816,3276.16059059725
23817,3277.141927025781
23818,3323.325102442489
23819,2302.821737876537
23820,2745.690993448252
23821,3382.7147884453398
23822,2708.5503970213394
23823,2129.321869778707
23824,2459.718573554507
23825,2664.218340599079
23826,2481.89343072265
23827,1703.4385819306972
23828,3174.367058663499
23829,3036.493690152709
23830,2869.213568037908
23831,2831.8259802338725
23832,2358.0467588904376
23833,2158.240648275504
23834,2398.205576581877
23835,2089.4021984504056
23836,2047.0690224966534
23837,2343.5939707244856
23838,2817.7865143908502
23839,2397.7423049194513
23840,2355.0263440346007
23841,2910.843394218141
23842,2961.347600359772
23843,2138.0724840857174
23844,2098.1565893184343
23845,2844.5737026655656
23846,3789.6315630888203
23847,2329.508671443171
23848,1887.926496397248
23849,2011.9937330487624
23850,2108.57159969233
23851,2663.8465769099103
23852,2910.405578381028
23853,2834.0582586533633
23854,3487.0380878213105
23855,2031.0193381933632
23856,1926.3539617672036
23857,2066.484119687088
23858,1916.1611926524915
23859,2238.674654747016
23860,2370.3728378256783
23861,3186.976779168
23862,3654.3926292389338
23863,2659.523497293231
23864,2470.34038550849
23865,2214.8631550995647
23866,2741.319173993246
23867,2538.225391515998
23868,3274.46923816044
23869,3543.687852075507
23870,2441.6935259006577
23871,2974.633967514979
23872,2991.6016598644055
23873,2396.4099372284145
23874,2066.9281004702916
23875,3213.1508150196178
23876,3053.1891266969997
23877,2511.2307443303257
23878,2896.424828424207
23879,2778.8842005330844
23880,2944.694189954972
23881,2537.386758114595
23882,2260.3429219848686
23883,2941.5589437837843
23884,2236.765464108714
23885,3443.2557482944017
23886,2446.439024873365
23887,2298.643078357437
23888,2925.4984474155267
23889,3290.2473131178767
23890,3545.279556622669
23891,2651.7723840756785
23892,4043.4863435051957
23893,2671.336586656066
23894,2619.440349464824
23895,2090.829443801672
23896,1877.6355587925336
23897,3066.5436155720645
23898,2401.8331426763943
23899,3192.026540318853
23900,2911.7710590346915
23901,2142.143618349816
23902,2290.4544095802294
23903,2763.645182975546
23904,2495.168292418117
23905,2013.0673557186303
23906,2212.1405936193123
23907,3018.844281894202
23908,2554.0021454384587
23909,2583.3768654414375
23910,2794.8055447225124
23911,2804.9398183525977
23912,2385.8925174156448
23913,4173.11387827141
23914,2661.5759339860992
23915,2229.4238501771447
23916,2960.6291231811438
23917,3072.5681508858484
23918,2070.6807496370548
23919,1970.5417929502566
23920,2656.4499561960115
23921,2914.850198024552
23922,3347.98762016768
23923,2371.9325655757107
23924,2795.728116232773
23925,2078.90869662137
23926,2040.0622240670243
23927,2406.4071785111455
23928,1942.79237350426
23929,2544.382417820425
23930,3558.6084470198366
23931,3578.5739166804465
23932,3894.4381721196064
23933,3160.4275713060583
23934,2352.226265131191
23935,2461.1146741721577
23936,2322.2672103794544
23937,2199.354883922741
23938,2918.545133877805
23939,2622.773854667408
23940,2932.201726803277
23941,2967.1485855722617
23942,2231.7769412585226
23943,3327.492423259803
23944,2820.2800832317516
23945,3252.5714424030566
23946,2223.4832754761815
23947,2763.861543611576
23948,2204.6401852930626
23949,3182.1618609592915
23950,2134.716847582378
23951,3518.479702006095
23952,2276.022645068824
23953,2177.9428082087297
23954,3740.7848253410903
23955,3097.7209465234855
23956,3077.595217571553
23957,2476.8806018094833
23958,2102.962907547821
23959,2781.031140328231
23960,2564.6866761728998
23961,2114.693679714381
23962,2263.827080852001
23963,1994.898321367978
23964,3776.9266056429888
23965,2821.990128601598
23966,3312.1361807005874
23967,2619.1554630040455
23968,2175.652429286358
23969,2543.473351384291
23970,2765.588907909465
23971,2750.739616353328
23972,2494.55476920576
23973,2520.2287685417464
23974,3323.325102442489
23975,2255.637329500904
23976,2864.1552466369676
23977,2260.4389033698635
23978,2219.710151144088
23979,2401.380153030124
23980,2834.396971054593
23981,3392.5093043892366
23982,2027.564670480983
23983,2261.8986914024435
23984,2668.453410657584
23985,2552.1316038493383
23986,2708.0154729332035
23987,2260.50921053789
23988,2848.2626938329854
23989,2174.1438089511594
23990,2949.8256931795268
23991,2158.7787598847235
23992,3146.6989274311077
23993,2577.6567737993446
23994,2514.3873940558547
23995,3633.4770696532105
23996,2290.8083375803776
23997,3133.806231524248
23998,2723.7380712947756
23999,2896.8788028746376
24000,1973.0324214569168
24001,2200.780549159037
24002,2553.64611377105
24003,2549.0076738961898
24004,3871.792107092776
24005,3720.939788602066
24006,3103.4976346542853
24007,2526.1657911701877
24008,3091.8570604118618
24009,2700.425468315757
24010,2236.1295774425425
24011,2393.4122732560872
24012,2866.581668081788
24013,2926.320717140917
24014,3525.265910217131
24015,2104.937463772496
24016,1954.1207333889365
24017,2812.000543418134
24018,4369.849575877083
24019,2092.601957123793
24020,3475.0262053460747
24021,3019.3381455882636
24022,2449.506056654217
24023,2667.8002191060596
24024,2717.4941549251007
24025,2017.4070559393795
24026,2154.9523790469643
24027,2700.4776395792514
24028,2211.576549626926
24029,3704.2604386221983
24030,2429.93114083381
24031,2567.8808194540543
24032,3386.95549428978
24033,3258.94570972504
24034,1853.6676925764082
24035,1610.576796590416
24036,1838.4734141826773
24037,2420.5379185181373
24038,2779.871930060328
24039,2248.4744555288357
24040,2366.6027675848645
24041,2447.5658398756136
24042,1899.9181194654632
24043,2992.519558101614
24044,3530.1261759940458
24045,3064.3004535096898
24046,2675.419788474396
24047,2524.6143690617423
24048,2546.8197259537274
24049,2979.805997797323
24050,1948.275312918432
24051,3223.1323748972573
24052,2428.6481925870894
24053,3370.2374107946193
24054,3112.5891995917827
24055,3356.8119916165724
24056,2407.021893564074
24057,3110.0664944707078
24058,2754.8843534112893
24059,3394.2960599515545
24060,2372.3174803036136
24061,2451.792578388272
24062,2378.2241490812703
24063,2536.9467387906548
24064,3342.699946477508
24065,3286.246526257084
24066,2497.7545167974085
24067,2943.1891476441956
24068,2376.227128793847
24069,2238.0566102424036
24070,2037.3888465115924
24071,1929.201183445863
24072,2864.7953235848936
24073,2095.9964702381476
24074,2585.7454871297023
24075,2775.49262033359
24076,2293.708152649271
24077,3678.2447967522153
24078,2577.975964829252
24079,1864.0837649043242
24080,2517.8761172033405
24081,2147.7023067550635
24082,2797.700636733058
24083,2502.4723272928395
24084,3497.730267021828
24085,1936.9401011809412
24086,2547.5721434310717
24087,2642.573410745259
24088,2670.188466192771
24089,2591.1362897544577
24090,2162.9992284208256
24091,3015.541730520161
24092,3048.4065468227222
24093,1740.8454209110691
24094,2551.3549167915753
24095,2003.1419862139921
24096,2149.5166821588928
24097,2225.5474501111676
24098,2923.741111401945
24099,3058.7728752508892
24100,2936.872719412612
24101,2860.7723643935096
24102,2286.486712116298
24103,1444.6390123735782
24104,2695.711771753825
24105,2132.7308451722756
24106,2156.2931011120136
24107,3151.0854312788993
24108,3130.811026745849
24109,3118.722246958184
24110,2609.3001730112214
24111,3125.90141295267
24112,3010.388713338005
24113,2208.9697203874052
24114,2507.971422269409
24115,2528.4356687286263
24116,2692.9898040745165
24117,2676.972972977169
24118,3459.418269710125
24119,3401.1888566098696
24120,3003.7013834980467
24121,3549.9865670292475
24122,2333.6933487585147
24123,2367.8242756241607
24124,3140.9846445726535
24125,2514.996288271741
24126,1910.6655739505009
24127,2106.118971056768
24128,3086.575768577396
24129,2635.323576320891
24130,2232.132629643912
24131,2224.44398320414
24132,2102.757276033676
24133,4103.397972271609
24134,2503.5551214574953
24135,3509.045526430198
24136,3379.521518036174
24137,3547.9440862354245
24138,2155.1676468097057
24139,1818.3183975801476
24140,2260.532197810661
24141,2111.594832664836
24142,2292.999245241922
24143,2162.5949950379054
24144,2183.5516733615855
24145,2388.9761119827313
24146,1868.015818559214
24147,1986.2992897881268
24148,2024.5191524819816
24149,3663.1398733441447
24150,1936.6268709015712
24151,2326.3867209539667
24152,2627.7380008736795
24153,2833.5009186659136
24154,2807.9751269316903
24155,2091.1559983071147
24156,2141.8642332411337
24157,3497.956442072391
24158,4043.5220543559294
24159,2418.632519961515
24160,2778.483394503114
24161,2100.8322059808697
24162,2183.420179984925
24163,3019.381988525808
24164,2316.073646472064
24165,2404.7703897233055
24166,2271.0358376807326
24167,3172.4196440917417
24168,1884.878854874804
24169,2208.566999738942
24170,2073.149409362099
24171,2653.302120240271
24172,2327.63204528889
24173,2220.0733258750033
24174,2759.0397282469085
24175,2093.11129945656
24176,3151.1029943900544
24177,3051.583181897268
24178,3682.9299316327915
24179,2418.409240906887
24180,2647.525201805032
24181,2757.4024297187543
24182,2860.377772355413
24183,3090.356495296627
24184,2242.188685266824
24185,2614.0416901322833
24186,2677.198569426874
24187,4943.148896537687
24188,2011.4541960636898
24189,2452.6333026252014
24190,2115.1315108961635
24191,2616.8264811831305
24192,1864.8658832918977
24193,2452.6464124881954
24194,2186.556238799448
24195,2251.631244738528
24196,2778.99680032872
24197,2522.9006926283605
24198,3074.785705833552
24199,3265.0838831475485
24200,2140.956407233161
24201,2535.4181564355395
24202,2198.7695695054417
24203,4108.609628170094
24204,2221.7420176228625
24205,3211.0788945314275
24206,2236.3248047363522
24207,2922.5110455158565
24208,2535.2760529906272
24209,3409.8587375598618
24210,2453.003310978458
24211,1950.454858603134
24212,2114.378441743159
24213,2061.611695339366
24214,2339.691781105056
24215,2225.8838242979323
24216,2838.190026805926
24217,1902.3632079654903
24218,2192.4169236638763
24219,2131.6259595771107
24220,2460.032741089964
24221,2422.514432045292
24222,3535.017952442847
24223,2524.0130795431232
24224,2429.8100304073805
24225,2107.7871762049963
24226,2306.456464536468
24227,2438.340790829149
24228,3217.564311807897
24229,2552.069387213771
24230,2405.8223296699975
24231,3222.751441331591
24232,1874.8803740594085
24233,2385.5846900218567
24234,2855.998606467488
24235,2102.498946767919
24236,1878.718754630992
24237,2907.937642471371
24238,2313.5833988773766
24239,1967.647038661869
24240,2783.9025727470325
24241,2012.2452864410366
24242,3077.5841488649066
24243,2230.074964087703
24244,2964.339103950372
24245,3086.4567569154115
24246,2356.3594729521087
24247,2916.852315225822
24248,2551.2825312689974
24249,3061.48525960805
24250,3224.465349913822
24251,1894.1977318496315
24252,1759.8061083338703
24253,3539.6186400649567
24254,2981.6906458721205
24255,3358.894312531904
24256,2465.688120484014
24257,2239.936795792193
24258,2997.488687989597
24259,3054.542594640404
24260,3228.9722187967054
24261,2533.191397866376
24262,2353.0811663594623
24263,3034.95415948009
24264,2985.9327477182187
24265,3171.8735282098887
24266,2011.036830570511
24267,2566.426956557206
24268,1923.7695956156444
24269,2565.621509236805
24270,3504.847412359767
24271,3321.70695714096
24272,2898.425668638324
24273,2899.280788984717
24274,1938.6553637322263
24275,3507.700779662475
24276,2626.8367577963927
24277,3129.8501921849356
24278,2550.4128064843744
24279,2427.103716860116
24280,3384.834829462568
24281,2101.3531395561304
24282,3491.3679175435977
24283,2188.5547312619638
24284,1976.5499671788452
24285,2770.673633832481
24286,2001.2644051834643
24287,3320.048431032771
24288,3065.455239723857
24289,2704.1505214525964
24290,2986.1836140192145
24291,2279.4670410246067
24292,2206.3739941976264
24293,2234.769554682785
24294,2274.7943739179555
24295,2180.5273401198624
24296,2648.198131126481
24297,3969.322758296059
24298,3095.8230659586907
24299,2651.2590106505504
24300,1960.6176489695063
24301,1997.7314334104717
24302,2116.3760529788324
24303,2622.0868295069536
24304,2423.87489917938
24305,3318.5783934991623
24306,2647.3282361217766
24307,2044.2639251783528
24308,2677.880145758303
24309,2501.9929592475637
24310,3065.4777173247053
24311,3132.0026744852994
24312,2104.4014984089
24313,3125.1656747147176
24314,2061.5562098529645
24315,1893.2506588231035
24316,1662.9004222261594
24317,1939.1678421512588
24318,2668.3980209190695
24319,1971.7395445174136
24320,2761.751414295805
24321,1977.0737537082666
24322,2546.3895788547247
24323,1982.6243723551747
24324,2992.312445770672
24325,2546.5521289884405
24326,3733.0892751499823
24327,2523.850614189845
24328,2318.041916765071
24329,2619.955365088727
24330,3020.432020113817
24331,2413.8366110264133
24332,2654.510630804037
24333,2872.350503657498
24334,2974.8603235430996
24335,2574.712752728844
24336,1633.108274901223
24337,2943.08143693937
24338,2054.7760131726627
24339,2493.013616782349
24340,2528.612758760447
24341,2256.233942680601
24342,2140.430355465241
24343,2974.444782662729
24344,2058.047793757716
24345,1861.0715082951
24346,2993.309714915047
24347,2641.298438525574
24348,2303.2886400239904
24349,2292.38139610684
24350,2581.0927790964874
24351,3062.767579923775
24352,3261.2482113318883
24353,2533.628684050251
24354,1936.1614546975393
24355,2351.399727081245
24356,2014.606866226583
24357,2642.0624692050674
24358,2937.204065597885
24359,2197.087924209093
24360,2284.354570981876
24361,2344.333940829748
24362,2101.8126427766992
24363,2027.8509627033004
24364,2273.846623637727
24365,2514.4527981713745
24366,2235.655213851623
24367,1924.2207986211788
24368,2428.291063793394
24369,2849.4853861955476
24370,2767.630006368071
24371,2125.594298422559
24372,2199.0056484273646
24373,3638.3133767406925
24374,2282.1205025159707
24375,2265.4002734203964
24376,2943.08143693937
24377,3009.7556071531008
24378,2405.6552650624258
24379,2163.0495569078917
24380,2023.135101956347
24381,2353.9935756115615
24382,2406.6829591559026
24383,2429.9990461318303
24384,3151.500731432375
24385,3259.558310137828
24386,2076.676544124506
24387,3156.4601981511787
24388,2652.0970830703823
24389,2648.3003684475198
24390,2682.463709678981
24391,2615.5021370279683
24392,2202.452288776012
24393,2319.063411116571
24394,3976.4077361023055
24395,1952.0037393846892
24396,2482.5751389277075
24397,2019.285731922314
24398,2995.2598543500035
24399,2659.499567089474
24400,3599.6391525008094
24401,2768.1427800687975
24402,3521.689158913627
24403,2269.3534861695794
24404,4524.2930571731595
24405,3330.0875479768492
24406,3875.4593321422803
24407,3198.027589853189
24408,2589.120707712685
24409,2849.4152034718927
24410,2217.3516657794726
24411,2655.6059697813544
24412,2641.7326949487356
24413,2451.124832028603
24414,2414.74227456658
24415,2252.16065855376
24416,2043.4654082127745
24417,2827.4658774660484
24418,2841.6005359073697
24419,3309.6781036033985
24420,2251.2271346028247
24421,3062.3413431442896
24422,2564.8420463995026
24423,2771.519082230305
24424,2455.9194463657736
24425,1928.485769942911
24426,4135.275910823611
24427,3434.3835209643657
24428,2032.4116284189076
24429,2173.5957826940935
24430,2475.330576377955
24431,1885.6080329677493
24432,2893.8208443271283
24433,3232.7129467748437
24434,2165.3452528492976
24435,2513.55112748771
24436,1975.9871390307976
24437,2227.5007666221745
24438,2706.7269605535203
24439,1970.8898447133724
24440,2464.700916958902
24441,3475.4119373243466
24442,2862.595999423941
24443,2856.16874556905
24444,3701.0176762513215
24445,2259.4699877418298
24446,2300.1617118837676
24447,2310.2787095689932
24448,2357.653774269952
24449,2013.259563518345
24450,3632.3678609470853
24451,3700.800654020457
24452,2179.724904063934
24453,2022.15066948484
24454,3551.24659223308
24455,2541.8240062513664
24456,2896.00634195189
24457,2124.8559987222384
24458,2078.1695492003373
24459,1984.8820192624212
24460,1831.303420084439
24461,2902.2083219965507
24462,2160.7050876653843
24463,2073.6654907205775
24464,1931.213418896813
24465,2854.0805665769644
24466,2550.340915215226
24467,2832.312785168362
24468,2458.303757131885
24469,2532.807028961085
24470,2833.9479599275564
24471,2331.0122466454204
24472,2494.370588849906
24473,3380.495033275358
24474,3413.4753973685124
24475,2637.7770198297803
24476,2452.904300721355
24477,2556.3362339805462
24478,3278.4178915363036
24479,2801.0382346648066
24480,2109.0142131502157
24481,2208.059488387098
24482,2927.191891393184
24483,2168.7197622712383
24484,1881.4775507143058
24485,2441.499500594213
24486,2174.0208108740017
24487,1873.6555414440074
24488,3051.9532587841013
24489,2160.162096203601
24490,4067.207291642716
24491,3221.4042870769244
24492,2263.20427047454
24493,2100.2912947182144
24494,2564.951782736992
24495,2709.859614091767
24496,2116.662493441493
24497,2654.511204979385
24498,2400.0206620247536
24499,3015.012544062799
24500,2614.486597819343
24501,2019.3728582684832
24502,2857.674008257724
24503,2831.8259802338725
24504,2182.253543829194
24505,2678.43549807585
24506,2362.2700423168753
24507,2763.9113352901613
24508,2933.7990600107732
24509,2312.476239377823
24510,2292.306398282956
24511,2272.335011801013
24512,2982.9567907468863
24513,1894.6909983164262
24514,2598.2240555547614
24515,3105.7625416294763
24516,2202.2035809769523
24517,3148.9280614114045
24518,2561.5883993624784
24519,1751.1665737411413
24520,2148.633716878275
24521,1974.1195164746837
24522,2170.876068787824
24523,2573.976712034614
24524,1874.7800697860582
24525,3015.148884564885
24526,3215.076809630348
24527,2165.3888013865508
24528,2933.4240602720483
24529,2246.6480731974143
24530,1962.1409402235615
24531,2206.9162112667245
24532,2328.7924491273016
24533,2403.2688030020095
24534,1916.4287579904744
24535,2323.2639733595256
24536,1748.268253467677
24537,2113.9294795497353
24538,1934.434907492151
24539,3069.596046587157
24540,2977.464484351598
24541,2920.313494938595
24542,3648.2211095901694
24543,2710.830811272413
24544,2753.7945460915207
24545,3759.3320803189554
24546,2287.2261791392516
24547,2381.553662263625
24548,2551.6690190539857
24549,3215.642392244842
24550,2157.982568536888
24551,2182.9617629940867
24552,2304.658819335127
24553,2767.38418576846
24554,1801.2281086536536
24555,3240.7629329526926
24556,3104.824971406733
24557,2677.131513561326
24558,2329.955910370032
24559,2978.9580598388175
24560,1996.2832099309599
24561,2094.053788336208
24562,3623.749732764565
24563,2587.3100777618592
24564,3394.170187833147
24565,2867.7578348590882
24566,3094.8470124319674
24567,2406.8049386364673
24568,1973.973703218316
24569,2065.3412022727093
24570,2940.4055449388393
24571,2026.6780163316246
24572,2437.5580927308874
24573,4069.680442262151
24574,2085.711120934089
24575,2285.0569163212895
24576,2873.7639923411534
24577,2569.091782158901
24578,3066.983089332657
24579,1942.836792907046
24580,2240.529901757117
24581,3339.2930180850108
24582,2194.4517416260705
24583,2547.0555708626252
24584,2250.4073369558027
24585,2194.3702032344845
24586,3455.3325488133764
24587,2737.4960225727746
24588,2518.9641591606214
24589,3920.133461564549
24590,2344.996986314363
24591,2222.2283574697576
24592,2302.6999585727926
24593,2025.5964448668399
24594,2532.3155955732063
24595,1917.415093663467
24596,2158.260131595509
24597,3263.70635473074
24598,2503.8009762352417
24599,3506.1957958545636
24600,3317.37950119921
24601,2885.37054493029
24602,3370.7236026873297
24603,3155.644987811348
24604,2235.1482978378294
24605,2936.104192840688
24606,3254.453216956349
24607,2037.4392959996853
24608,4773.493699921946
24609,1754.7573649126139
24610,2064.090067116302
24611,2458.1905691728143
24612,3140.7254808835287
24613,3241.67149266088
24614,1876.3202668455478
24615,2055.2104560149714
24616,2738.9305166971826
24617,2406.4619394268275
24618,3506.485434080429
24619,2535.8825034929732
24620,2531.593364091168
24621,2231.1970649422055
24622,2819.953009468351
24623,2522.4674123304126
24624,2502.39248850888
24625,2235.875388728691
24626,2895.6980955290264
24627,2255.964995783476
24628,2075.8450290928513
24629,4049.6229581053794
24630,2131.198978315935
24631,1966.1541307884654
24632,3343.8824219305557
24633,2577.88335862046
24634,2771.889970075649
24635,2581.114569402588
24636,2810.970316761616
24637,2385.2986727427997
24638,3827.6909048114694
24639,2726.2788170622516
24640,2872.830143911991
24641,2587.0917650837864
24642,3541.753960816868
24643,2788.288008703489
24644,2762.266134470939
24645,1916.7767311655448
24646,2993.42596555588
24647,2667.2333126938643
24648,3407.4132513410514
24649,2732.091609898617
24650,2639.6727465297936
24651,2179.9218966308954
24652,3468.30349476268
24653,3288.649603274427
24654,1822.3188356950131
24655,2197.6688621690464
24656,2486.231800774982
24657,1903.6985593766526
24658,2882.003304185804
24659,1949.9579534206323
24660,2249.1151187536593
24661,3336.3557899410707
24662,2507.710353380364
24663,2327.6131014353855
24664,2491.7988990548565
24665,2267.1745463229145
24666,2911.5571836986283
24667,2860.754530408576
24668,2030.7074345196002
24669,2016.650801212079
24670,2895.6980955290264
24671,2461.4020665948074
24672,2375.799315376534
24673,2215.658684831191
24674,2733.1519907918732
24675,2580.585675174021
24676,2104.0091853719846
24677,3182.4925222644265
24678,2747.15193606566
24679,3511.247257751006
24680,3237.341162330851
24681,1680.1481902354126
24682,2820.223120060165
24683,2144.556040674076
24684,2032.2410675736223
24685,2581.584318336849
24686,2428.698530242912
24687,3479.3274859212625
24688,2209.260824326825
24689,2629.101491083711
24690,2870.189632656974
24691,2314.0309637586306
24692,1980.7062242014827
24693,2275.4026354802227
24694,1916.1303082451313
24695,2522.51430221544
24696,2406.7807923490404
24697,2046.4631617808568
24698,1957.1292926795943
24699,4031.4329654239937
24700,3356.574730117534
24701,2193.1506344851764
24702,2565.863098257003
24703,2363.7975954965395
24704,2191.9080686636
24705,2688.095635815089
24706,2592.2530946022966
24707,2052.5360562465253
24708,3460.159039777175
24709,2494.309485520016
24710,3044.258627964747
24711,3285.972870931456
24712,1929.7525775898112
24713,2004.3100093722526
24714,1852.1855344210567
24715,2711.544356147714
24716,2852.1918392695616
24717,2173.900164697183
24718,1832.351739959972
24719,2440.088252519819
24720,2716.742293598992
24721,2668.7450830914613
24722,2248.802039212518
24723,2670.380216973359
24724,2028.0963752683008
24725,2035.4533268138484
24726,2920.469305225676
24727,2141.755626832234
24728,1866.11249460909
24729,2992.7659657764552
24730,3125.8223992339163
24731,2780.573729612813
24732,2627.175349185637
24733,2294.732536722717
24734,2873.421933482321
24735,2191.08255658253
24736,2601.0274045986716
24737,2676.6245481887236
24738,2327.281621959056
24739,2086.9926969679364
24740,2090.8931173944216
24741,2041.3838366653022
24742,2543.916338440694
24743,1842.9088704470241
24744,2512.278512914657
24745,2849.363266664644
24746,2269.991050685516
24747,2201.8854198705403
24748,2757.133663418757
24749,2420.2674520303763
24750,1986.814949029658
24751,2906.1997895649947
24752,4191.232615752542
24753,2357.7457344982495
24754,2122.2136419788567
24755,2396.9219517287634
24756,2850.4223544850065
24757,2053.632066255935
24758,2040.4987550014926
24759,2929.1176971737586
24760,2618.852544850296
24761,2963.696846001266
24762,2998.9195954306933
24763,2807.5420028297426
24764,2557.5676898577835
24765,2433.0578998811
24766,2447.5720516297165
24767,2356.1388947070145
24768,2061.2306345711836
24769,3658.2486241468823
24770,3148.094479729063
24771,2110.6287677605987
24772,2081.21292943717
24773,2026.4572404010923
24774,3412.5798297657534
24775,2122.6055016361393
24776,2475.9238437859112
24777,2287.827861107427
24778,2905.8676243063446
24779,1570.6449720581961
24780,2779.506696298064
24781,2988.857095601185
24782,2173.7822668319905
24783,3014.242248695189
24784,3298.5304287196877
24785,2597.9854302925955
24786,2422.5047906082546
24787,3897.5276837611073
24788,2272.339610418615
24789,2917.215343590109
24790,3057.118192577949
24791,2918.4884864394094
24792,3961.8172697174314
24793,2804.780959519343
24794,2187.5699104436335
24795,2380.6279442278083
24796,2277.39258057937
24797,2677.4959053839375
24798,3354.833495663216
24799,2685.010773276181
24800,2673.3844431035113
24801,2132.5185592842336
24802,2862.1714013377086
24803,2143.867143612103
24804,2201.3566310617266
24805,2742.8775389470666
24806,3350.954669118519
24807,2275.154741808943
24808,2268.261351033303
24809,2436.8193008388466
24810,2391.424780174938
24811,2630.7026355699204
24812,2404.9600837864195
24813,2823.865472183847
24814,3100.5307963224695
24815,3204.3313680573847
24816,2546.561402841466
24817,1920.301638128021
24818,2026.775328351236
24819,2886.317605227291
24820,2293.393034779736
24821,1948.0556815585055
24822,2174.0503237458965
24823,2831.941203757181
24824,2655.0301440671865
24825,2279.5983475017256
24826,1919.3843385659209
24827,2472.8148884350167
24828,2247.0958264736664
24829,1888.4761908417524
24830,1877.2547180177007
24831,2381.191589763361
24832,2258.789481431076
24833,1942.9960026825813
24834,3409.2912817101587
24835,2881.523879322205
24836,2775.0017127473693
24837,1951.0291262985181
24838,2233.854219464129
24839,2632.049595592951
24840,2551.8267510302157
24841,2212.8359155980866
24842,1936.867916321599
24843,3021.4372046721187
24844,2220.914883931004
24845,2267.468858582588
24846,2631.6229942297314
24847,2374.78297846463
24848,2459.827279815279
24849,2472.0083504850536
24850,3268.32773745525
24851,2737.4331466274534
24852,3747.345137843863
24853,2537.6465947011584
24854,4393.529428348826
24855,2467.403777482189
24856,2683.638423111978
24857,2255.7419702045963
24858,2258.5473149925974
24859,3177.690504626813
24860,2653.7565535035433
24861,1987.3091533497472
24862,1902.3215085607424
24863,2714.734460497849
24864,3050.1068635289575
24865,3402.7885638744583
24866,2500.7013033211188
24867,3001.798563141856
24868,2334.224614742785
24869,2247.6838843026967
24870,2898.541250923161
24871,1947.1607803575548
24872,2516.5926420657647
24873,3460.3851373306943
24874,2356.9393993332515
24875,2596.403248238459
24876,2795.5102061951284
24877,2030.3886428205772
24878,2546.57327595165
24879,2751.2895554475344
24880,2292.247022953567
24881,1959.60904105384
24882,2223.7848198339434
24883,2509.1774852374856
24884,2355.233972213401
24885,2255.389474029559
24886,2233.0570205365793
24887,3157.82109578538
24888,2564.755098897417
24889,2806.4302086849902
24890,2324.4545005587197
24891,2340.827392873548
24892,3385.4799614810813
24893,2015.2468010019013
24894,3460.8010481349766
24895,1876.1141016691315
24896,2977.51506260979
24897,2526.146807252103
24898,2971.2235832595084
24899,2229.2276759471215
24900,2195.553529129649
24901,2124.7852825822874
24902,2217.3138790102093
24903,2190.374395810457
24904,2474.605882152814
24905,2522.0995906797175
24906,2405.438967473742
24907,3000.6078705536634
24908,2040.4599380988338
24909,3018.052555634414
24910,2950.5643842031177
24911,2579.341813876248
24912,2419.392062500066
24913,2132.0694134575097
24914,3064.2931096334432
24915,2632.3524844321682
24916,3025.037672561758
24917,2548.278876013019
24918,2085.5458339658726
24919,2562.387437577796
24920,3084.4047799137543
24921,3585.1451314312208
24922,2100.3218414725834
24923,3246.817098098978
24924,2733.9639415172805
24925,2373.6890538836124
24926,2086.5442839628527
24927,3413.245627394197
24928,2162.3248278769056
24929,2638.922613138073
24930,2529.615350468754
24931,4576.433812661759
24932,2523.9974649966343
24933,2289.961977193617
24934,3471.1994198459442
24935,2586.632840888769
24936,2094.8233832572337
24937,2457.196447374705
24938,3097.198882434799
24939,2647.0492501149893
24940,2309.4767404176623
24941,2207.5393246953777
24942,2755.4370947756015
24943,2005.5182822734378
24944,2620.187900480112
24945,2567.8888996014093
24946,2194.57055930295
24947,2500.266782489144
24948,2253.2771950787915
24949,2369.8193758330463
24950,3327.5136339606524
24951,2360.305450874928
24952,2314.1273959057
24953,1608.1504787073923
24954,2411.2443743731483
24955,2599.941841893873
24956,3260.8607133043342
24957,2127.0673390314787
24958,2327.2211814312504
24959,1856.519431584995
24960,2908.437200012324
24961,2483.3770530045863
24962,2401.667592179405
24963,2499.3216039924705
24964,3104.5654317885246
24965,2074.153663142428
24966,2622.7239820392233
24967,2720.268339916104
24968,2140.731653493338
24969,2897.941861940164
24970,2322.668740485873
24971,2226.271649940764
24972,2185.8058764075618
24973,2394.7540566415555
24974,2213.467289785446
24975,3053.040900194982
24976,1900.04964807776
24977,3311.4656866527594
24978,2425.5052162417596
24979,2094.8704010415286
24980,3342.196828693467
24981,2375.5465990428265
24982,2571.4409147280385
24983,1810.793263792495
24984,2451.2395575558244
24985,3396.173352967749
24986,3543.463759350694
24987,2511.196500339095
24988,2697.041407010351
24989,2708.964636878855
24990,3999.531492162707
24991,2757.759465072738
24992,2770.077000203213
24993,2124.936597814967
24994,2346.419734894375
24995,2234.708105093973
24996,2039.1786985983076
24997,3524.5914807210306
24998,3204.867943272933
24999,1976.5721964522743
25000,2371.8806835564324
25001,2525.7311856774395
25002,2134.023384918981
25003,2214.174551627705
25004,4298.403764779323
25005,1987.3349830908658
25006,3444.0895916167788
25007,2740.607652256638
25008,3744.6624675319654
25009,2360.2401820686932
25010,2499.99743112297
25011,3200.2072517810493
25012,3537.7932227325164
25013,3127.6065844899217
25014,2751.1043531235823
25015,3281.8316616096326
25016,2564.2987418500124
25017,3008.252531307197
25018,2104.155528580548
25019,2713.2268460956784
25020,1997.1503246992525
25021,3518.350370098631
25022,1815.9221135532575
25023,2634.7161297839107
25024,2517.6188281718396
25025,2722.733758191375
25026,2635.8788723452053
25027,2350.5191599843283
25028,2137.3592542004817
25029,1996.8752062347653
25030,2421.0921529328484
25031,2055.444136399984
25032,2215.1430604333173
25033,2760.459551714559
25034,2530.3096538162745
25035,2100.2271651693677
25036,2759.7038204084893
25037,2834.4170359584914
25038,2971.343580793716
25039,3819.3202709978686
25040,2119.319349111471
25041,2247.9726983822834
25042,1842.5675934590095
25043,2100.6735894279627
25044,2014.2068065791714
25045,2545.2593376013474
25046,2139.561464623869
25047,1878.155854716264
25048,2291.110199630558
25049,4402.824122670057
25050,3366.918917778145
25051,2151.0494074809203
25052,2714.607623104506
25053,2748.5092003713344
25054,4057.8682225811745
25055,2340.649551012066
25056,3575.547985318184
25057,3114.7895273929316
25058,3187.0818606085604
25059,1938.3546340915077
25060,2063.109219038805
25061,2228.6324257397223
25062,2236.566262671889
25063,1919.1657768582713
25064,2664.282795753355
25065,2057.717253621869
25066,2366.2631676180645
25067,2407.0032472790344
25068,2856.77114775176
25069,3583.1507837236068
25070,3272.035065746734
25071,3401.1485053804727
25072,2657.661273245728
25073,1769.8132884422976
25074,3092.11025867834
25075,2412.4176883517366
25076,2314.2285758536877
25077,2504.470868958765
25078,2185.998840428304
25079,3149.2313593287845
25080,2365.9779653866726
25081,2743.2000701648385
25082,2396.6410924659203
25083,3137.292361151299
25084,2293.6922866032855
25085,1897.6587938274915
25086,2259.7001976262377
25087,3111.662955559752
25088,2582.2695726542297
25089,3056.174843743295
25090,3843.804065905787
25091,2845.487104569872
25092,1979.6598351473162
25093,2181.9755663429573
25094,2553.5004998706863
25095,3175.0096569597763
25096,2402.6722879865465
25097,2738.234947052785
25098,3060.7073231268514
25099,2707.3764827151717
25100,2147.235903996227
25101,3882.3312844712627
25102,2902.48510480448
25103,3356.5154004294827
25104,2366.3830472426293
25105,1919.7818365495782
25106,4137.2587495165735
25107,2662.0506149953735
25108,2322.8446881960112
25109,3199.224301285467
25110,2134.4575258575424
25111,2006.3487231603492
25112,2633.507567675908
25113,2347.5839928355485
25114,3295.9312796877966
25115,3160.2997225453596
25116,2050.3673214589185
25117,2358.1926435526616
25118,2384.953481484613
25119,2228.149683704143
25120,2656.703299847157
25121,2647.966560900046
25122,4686.955580865405
25123,3316.7210646073654
25124,2441.10607857615
25125,2156.125839177251
25126,2912.481583691825
25127,2198.7626549000643
25128,2403.7547083892355
25129,3736.1049114287493
25130,2238.4110233620836
25131,2405.5863249125905
25132,2627.809064599097
25133,2296.7854350541647
25134,2615.4760643090294
25135,2902.4247903859687
25136,2159.7761703993187
25137,3273.0186047163284
25138,2111.1876340115105
25139,3181.8943382148764
25140,2205.741861505596
25141,2269.8810988505656
25142,2197.2922027821633
25143,3385.0122368959437
25144,2498.980899770695
25145,2786.107483510553
25146,3511.8929561519158
25147,2247.784673589424
25148,2650.7066706980627
25149,2119.5086619542
25150,2678.726275070837
25151,2344.6228630620762
25152,2618.3000911375884
25153,2841.6005359073697
25154,2106.6815359184866
25155,2503.1974016001545
25156,2352.914802446179
25157,2727.7146985489017
25158,2419.489398434363
25159,2561.247558891038
25160,3249.869864048538
25161,3129.8368420849056
25162,2316.55007158201
25163,2545.2624383843768
25164,2298.836841052056
25165,2945.675287980819
25166,2030.9522790962023
25167,2306.3855027418886
25168,3677.4770287131487
25169,2270.5075635032244
25170,2482.3065586997814
25171,2379.3756155944784
25172,2739.765299247266
25173,2443.6168830826427
25174,3409.8686046909343
25175,2375.9804499034826
25176,2561.3777066601224
25177,3159.8993803988906
25178,2075.7037955015094
25179,2907.1377199717344
25180,2093.68831581707
25181,2188.461098437738
25182,3086.9825759060477
25183,3011.3008508023077
25184,3197.529559043759
25185,2169.073508506135
25186,3118.2522008945266
25187,2278.9513958238394
25188,3000.2008910827476
25189,2724.961801491428
25190,1790.0815230982948
25191,3328.8967562409807
25192,2482.793088881748
25193,2415.994952483143
25194,2011.6345640585878
25195,2371.414781849475
25196,2462.8431449149257
25197,2971.2051310326724
25198,2427.4018757224867
25199,3117.4192874750333
25200,1944.2687167716351
25201,2403.742870417992
25202,1915.352783609255
25203,2714.4218199550505
25204,3121.6012136088
25205,3257.608821333367
25206,1886.0970024316389
25207,3093.1877354655
25208,2419.486419947537
25209,2376.435089199448
25210,2152.4743072521437
25211,2172.8963371699133
25212,3444.518949411786
25213,2490.917071058405
25214,2125.2600251833096
25215,2238.050928835976
25216,3480.400176742727
25217,2224.7516135732926
25218,2580.229300721454
25219,3281.223810331377
25220,2501.510548957249
25221,2638.906162911038
25222,2815.995797452094
25223,2628.410545225302
25224,2100.119511800349
25225,2283.990625779949
25226,3539.589652521306
25227,1819.611876582307
25228,3013.892148126599
25229,2303.0646647519466
25230,1976.3876285887545
25231,2600.5576868854832
25232,2538.2684015334225
25233,2115.239824704993
25234,2807.69905666263
25235,3031.455301369595
25236,3440.7692778973105
25237,1922.853994717745
25238,2242.5728262872
25239,2385.9172178238705
25240,2014.012853516208
25241,2306.6969271013027
25242,2732.9515506311063
25243,1785.0664046304782
25244,2381.518772004072
25245,2123.1966544659654
25246,2506.587678572812
25247,2143.2447579737905
25248,3008.9255246504927
25249,2478.4103420242795
25250,2664.125676131658
25251,2482.80682580432
25252,2242.1888358622296
25253,2291.1559022669094
25254,2160.0985266828848
25255,1999.912270229925
25256,3858.4644159572003
25257,2450.0756030038438
25258,3092.926804379319
25259,2306.5085740194672
25260,2402.530042437472
25261,2611.7665079716176
25262,3036.059175662929
25263,3707.876295506673
25264,4321.052797105732
25265,2228.19604773425
25266,2494.7019049501555
25267,2046.6138880682606
25268,2657.7177102254755
25269,4003.534335027338
25270,2331.659132170541
25271,2257.0163015358053
25272,2899.32133425359
25273,1843.9756535807487
25274,3032.1700970652537
25275,1980.4345342681745
25276,2179.108187071786
25277,2197.809990946427
25278,2437.01468326441
25279,2379.893003915086
25280,2316.0585052707106
25281,3664.1022161911355
25282,1916.199275295009
25283,2548.035093074385
25284,3049.0375319257046
25285,2501.685994048423
25286,3520.0924936066085
25287,2372.8848578093866
25288,3198.5481674507637
25289,2569.6057762816126
25290,2994.276449902299
25291,3638.7579557867916
25292,2102.6489986132415
25293,2450.1631327789887
25294,3118.066925281635
25295,2587.620043076098
25296,3063.1880357317814
25297,3753.060937902715
25298,2691.731269813281
25299,3172.7733823434055
25300,3134.2811341399656
25301,2029.1898293457416
25302,2207.869585405451
25303,2134.326617155375
25304,3532.3933500524736
25305,2684.8099795570424
25306,3127.812278805997
25307,2144.553925285088
25308,1912.8866571019214
25309,2802.7115904590796
25310,2039.4370437847022
25311,2384.0183586305384
25312,2763.933361841697
25313,2143.978560558108
25314,2747.9629418548193
25315,1808.6519707677635
25316,3040.647021618759
25317,3267.051508269119
25318,2318.8244234677672
25319,2472.6803115949815
25320,2418.2968568175056
25321,3429.355429135048
25322,2327.122330641322
25323,2542.017594223165
25324,2964.496447697783
25325,2498.6295451031474
25326,2783.28703438511
25327,2420.745467847869
25328,2825.722314646626
25329,2396.116749399366
25330,3216.916027283163
25331,2149.1590450987796
25332,2289.744278940191
25333,2661.667416283858
25334,2087.974517591153
25335,2997.3443981773385
25336,3274.011571834071
25337,2490.6759221759353
25338,2734.72525722258
25339,2249.773134613546
25340,3136.4815155814026
25341,3094.8321328343573
25342,2004.7086485876669
25343,2199.4294690058837
25344,2857.0634521477104
25345,2930.3424741879217
25346,2135.5544421576
25347,2472.275303722767
25348,2435.809429302213
25349,2301.3853215394297
25350,2942.2202633852166
25351,2998.8553038458404
25352,3097.567449886536
25353,2587.531484503943
25354,3623.251342583367
25355,2365.046324640644
25356,3209.1565746570877
25357,2232.2473369604268
25358,2056.731418919353
25359,3119.250780804211
25360,2125.768430085417
25361,3118.6057749612287
25362,2785.186693089662
25363,3013.250773086125
25364,2970.3735773969447
25365,2245.49074588143
25366,2308.836886242001
25367,2216.7722324711267
25368,2466.122223531728
25369,1982.082566417902
25370,2387.453768802911
25371,1954.6970065622181
25372,2276.575785837136
25373,2118.693925503094
25374,2499.206253661704
25375,2486.593224451595
25376,2372.8571151867245
25377,2640.1027783150494
25378,3177.078221656423
25379,2796.6644385796253
25380,3671.568613391689
25381,1766.1002828408377
25382,1862.6833085163748
25383,2634.557326928064
25384,3122.0132798201735
25385,2398.616416180927
25386,3036.0644570708355
25387,1924.4442336339189
25388,2236.4825616792104
25389,2516.541919855121
25390,2510.3387651175826
25391,3010.2210715137257
25392,2454.020164664748
25393,1866.5308160950958
25394,2334.4236883258473
25395,2044.8051883053395
25396,2336.1864464351975
25397,1575.0753721300377
25398,2370.1027811890845
25399,1950.5096961742365
25400,1885.2595125930022
25401,2144.3740366833567
25402,2219.3884054124455
25403,2483.130132618402
25404,2912.5047918375426
25405,2052.7570180945636
25406,2901.3457894626445
25407,2479.5453963124305
25408,2301.360146748979
25409,3064.4264452525085
25410,3183.0023625522176
25411,2522.5030309425733
25412,2212.20195754971
25413,2499.284156636503
25414,2773.2293492350636
25415,3010.2190179622985
25416,3467.8593407813223
25417,1959.106268803327
25418,2089.999079131375
25419,2026.307418307917
25420,3787.291512786746
25421,2113.280631934355
25422,2553.506658267891
25423,3680.8339322619468
25424,2231.5993016089556
25425,2478.875574849618
25426,2335.0035282537197
25427,2939.318103088932
25428,3170.466496729383
25429,3129.326988625692
25430,2876.8909047765055
25431,2708.608607179446
25432,2587.5861988717193
25433,1883.9822139698879
25434,2106.1309601150065
25435,2772.569911863755
25436,3325.3522262647266
25437,1932.4045591485074
25438,2015.13391870049
25439,3292.418054780567
25440,2519.7723693049093
25441,2139.985732653766
25442,2609.577265300273
25443,2927.070409343585
25444,3429.4435490571195
25445,2582.1091509783096
25446,1918.9262568964791
25447,2529.5847294285304
25448,1986.3296480250647
25449,1852.3173637237333
25450,2040.4277794200812
25451,2973.9738738067085
25452,3624.864930898247
25453,2614.0267413401452
25454,2062.4176582373557
25455,2471.846425277056
25456,1966.9021258944358
25457,2156.6706552947103
25458,3709.49553910601
25459,2957.1645061704357
25460,2866.132952620318
25461,2632.195583754287
25462,2629.679546545363
25463,2037.6746445624885
25464,1852.0630734342171
25465,2100.1825944047037
25466,2976.2741104106194
25467,2577.1637174653933
25468,2698.560228493924
25469,2928.5446663642033
25470,2557.4675008939753
25471,3649.88914122801
25472,3011.894823882546
25473,2485.488195434662
25474,2424.7252775066445
25475,3183.4889802296957
25476,3534.760363278691
25477,2292.874384934423
25478,2692.3369486034962
25479,3420.103174549241
25480,3625.7787074771613
25481,1894.9426954835685
25482,2649.5425824689873
25483,3435.184240583464
25484,3123.6795295648053
25485,2243.3329643964594
25486,1875.677019745126
25487,2078.911651784447
25488,2322.5708575365143
25489,2207.8570897323016
25490,3562.959195945396
25491,2662.349776829413
25492,3075.630275365651
25493,2941.13979244438
25494,2614.554290774759
25495,3102.6146237961652
25496,3318.934196345439
25497,3157.38816067857
25498,2461.4785061819484
25499,1927.32857220011
25500,2232.248772376962
25501,3058.918235069
25502,2886.010987713813
25503,2637.3837873874845
25504,1866.591499031225
25505,2098.729909465049
25506,2053.3301291559733
25507,2704.2394033935943
25508,2365.2639723408997
25509,2208.5986085529457
25510,2470.073813398221
25511,3056.132166706011
25512,2474.7674809571304
25513,2901.5085916808525
25514,2421.7159793175924
25515,2550.5307238294827
25516,2827.0117232839984
25517,2783.517045837454
25518,3089.7204146668037
25519,2557.6820991065574
25520,3119.889033530553
25521,2206.9453148109387
25522,3267.9835123506564
25523,2458.2532417337047
25524,2483.6266905717507
25525,2190.0865887793666
25526,2184.505150679131
25527,2061.6863042476602
25528,3500.221390283975
25529,2463.7385032379198
25530,2625.8280081271446
25531,2742.605026500032
25532,2529.349582932984
25533,1816.6124795909457
25534,2489.3225606036226
25535,2491.527799326651
25536,2851.3035664175413
25537,2507.079651671339
25538,2920.9339471440308
25539,3018.1757612746737
25540,2457.2716572923227
25541,3162.5823824594972
25542,1743.0119718713356
25543,2616.0148469319465
25544,2175.0650933069824
25545,2259.8656694842584
25546,2156.996491414514
25547,2296.8553635579337
25548,1962.0120043962238
25549,2804.194522577288
25550,1899.516195001822
25551,2387.2783139205158
25552,3124.446756621044
25553,3096.385216422255
25554,2281.8994722716807
25555,2061.4374224106496
25556,3187.664489123717
25557,3699.0502004294863
25558,3152.285015985031
25559,2397.4578692217456
25560,2376.9726146677763
25561,2298.612793685652
25562,2192.5517154177833
25563,2217.983314929691
25564,2849.153983792249
25565,2357.3040332472615
25566,2997.0401542680643
25567,2660.513491999892
25568,2128.564905784311
25569,2587.1324911422153
25570,3629.150500783069
25571,2106.1069184844055
25572,2343.294071315563
25573,2495.68709472862
25574,2246.429876122303
25575,3788.9932514503525
25576,3406.850921804746
25577,1906.4027943326428
25578,2547.1119900298763
25579,2345.613013065765
25580,2443.9198381042843
25581,3156.0306548033377
25582,3136.6830004888325
25583,2542.6916925220994
25584,1833.2079741571915
25585,2522.420122249357
25586,2440.3588932911825
25587,1922.8365690966127
25588,2306.5566885186904
25589,2297.1919078754154
25590,2446.1115629792703
25591,2246.224036786717
25592,2036.3574499696929
25593,2594.240652000817
25594,2492.6506872955197
25595,3200.032611080953
25596,2811.96008713582
25597,3353.876264069565
25598,2667.4875941015785
25599,4144.768237492021
25600,3096.585887970201
25601,2435.2174904292315
25602,2244.5719999321173
25603,2472.4347591946216
25604,2078.440546231837
25605,2519.9075429215463
25606,2617.823078907795
25607,2333.2269374787734
25608,2042.2421863621644
25609,3111.3356551243824
25610,2207.1793070479393
25611,2366.2575721816884
25612,2216.558919861672
25613,2229.335079655362
25614,2003.5756057270291
25615,3055.369547478239
25616,1882.5835664296815
25617,2727.647793980669
25618,3877.8453579162724
25619,2609.914443489652
25620,2530.2157057214044
25621,3103.8933269050913
25622,1899.516195001822
25623,2159.5396855423314
25624,4447.936871894559
25625,2005.808932522857
25626,2812.349978027619
25627,2262.3051327860126
25628,2762.306852867826
25629,2056.8867795788656
25630,2228.4047794468215
25631,2852.872294368094
25632,3662.311075607663
25633,2214.115089351759
25634,2668.1763911235757
25635,2386.283768334272
25636,2499.0719590084286
25637,2040.7792309015636
25638,2843.505693405367
25639,2107.0297990890413
25640,3390.360126612768
25641,2861.8786072791618
25642,2538.864092219706
25643,2457.705301559329
25644,2249.9184398332413
25645,2009.7329494327446
25646,3276.165594889648
25647,2363.0687018149647
25648,1856.0754502164418
25649,2391.2696288284337
25650,1788.9950941357242
25651,2448.4642687421383
25652,1898.3499268580247
25653,3916.4206174455912
25654,3556.4153190396964
25655,3782.1439268202867
25656,2113.331118620487
25657,2288.9317991030694
25658,2523.719744183675
25659,3314.630570434455
25660,3136.60715575468
25661,2711.2125778557283
25662,2125.2123069727136
25663,2150.89440580842
25664,2911.2130108818164
25665,2940.605427237043
25666,2105.43741626502
25667,2254.5994076483457
25668,1809.7439925101735
25669,3145.597169633458
25670,1847.1398481098715
25671,2614.047917318746
25672,3487.139102812629
25673,2644.283534638064
25674,2466.3713237905267
25675,3185.9472538707205
25676,2457.52584297065
25677,2223.8309581186245
25678,2081.4270778702103
25679,2304.9491510003827
25680,3412.7088202624927
25681,2454.938194849311
25682,2402.074865407334
25683,3374.5453255669136
25684,2172.5212931010137
25685,2366.1003512614056
25686,3453.430038616919
25687,1889.7952534764818
25688,3657.0121449293624
25689,2509.95344841491
25690,1820.451332245271
25691,2093.023439664523
25692,3059.3904346498657
25693,2618.6898542475656
25694,2140.355408990833
25695,2298.7203112278817
25696,2635.8079910464785
25697,2469.289216716352
25698,3839.125468942548
25699,2514.01481047097
25700,2978.916814750375
25701,2920.684620636093
25702,2249.129651951114
25703,2411.5088157796204
25704,2930.224915163648
25705,2380.601755583423
25706,3091.72853253998
25707,2047.7678466286457
25708,3405.3653299070884
25709,3081.9795102475528
25710,2534.198172356255
25711,2967.3969833285246
25712,2946.254711714424
25713,2588.8438313188312
25714,2971.89446149905
25715,3052.7483281460777
25716,2366.0129308403975
25717,2229.260883179619
25718,1849.285289325168
25719,2672.257739769558
25720,3630.0298837791825
25721,2129.4382150235615
25722,2575.65016046283
25723,3026.6098458261267
25724,2264.6705934855763
25725,1867.5305923738147
25726,2222.0752310084436
25727,1683.0731798760635
25728,2484.7100175372752
25729,2680.8541571429846
25730,2182.245948923896
25731,2176.357679551898
25732,2344.8808526471394
25733,2434.8883037494697
25734,2907.355064262469
25735,2633.908654018066
25736,2647.9313626507756
25737,2143.9083663005667
25738,2237.80474973302
25739,2018.5329357917312
25740,2831.4052882158376
25741,2082.4094254110787
25742,1878.801179593601
25743,3743.7864275530515
25744,2835.2571117655916
25745,2474.289778001414
25746,2249.798501874532
25747,2120.6607472180667
25748,2842.5555339330567
25749,2213.7231504930146
25750,2290.855841363793
25751,2507.202092430466
25752,3039.3723480228223
25753,2150.2028092719916
25754,3537.5682401472304
25755,3073.236943085103
25756,2209.6891793243713
25757,2312.569126122777
25758,3011.2872674355613
25759,2546.0665065081216
25760,1874.629459230965
25761,1866.4522851463728
25762,2086.5143504663693
25763,2674.100115094484
25764,1999.6828814271375
25765,2581.3531342219894
25766,2519.2970286537247
25767,3229.526811901942
25768,2272.384713735226
25769,1939.5053231982197
25770,2226.5258313110503
25771,2734.755635593881
25772,2225.7030183180186
25773,2242.1483532353327
25774,2202.872118302081
25775,2448.1747668591083
25776,2812.1788632183725
25777,2101.3179811283458
25778,2638.946640067572
25779,2729.2079584278454
25780,2444.9005759577803
25781,3231.0567959048476
25782,1874.8718670106753
25783,2043.6861713947367
25784,3050.607107239758
25785,2148.5903699177074
25786,2615.2594305305265
25787,3219.2735415242923
25788,2591.642705317997
25789,3645.7330282465873
25790,2369.4652578181044
25791,2543.1281120614667
25792,2050.6000038571196
25793,2148.537566209571
25794,2747.189708507631
25795,3839.1591691859944
25796,2336.7699070393
25797,2442.1565339929543
25798,2235.7539523904316
25799,2191.39614371586
25800,2217.5189651003075
25801,2083.6013157204934
25802,2652.4190838068207
25803,3331.4808094758855
25804,2392.566797084232
25805,2296.6103830801667
25806,4336.867940160832
25807,3489.6471989838055
25808,2237.717892228427
25809,2707.8159656961293
25810,2153.3921893685865
25811,2200.468700373252
25812,2292.940297117479
25813,3083.543929778277
25814,2130.118741579563
25815,4016.165189374853
25816,3048.7286767217465
25817,2606.2705105120003
25818,2588.287647992394
25819,2458.568206021394
25820,2556.448122801259
25821,2746.6980310959966
25822,3138.7044161974936
25823,3431.2927833187878
25824,3623.3185415946496
25825,2199.6684674447833
25826,2664.6819592205147
25827,2519.708202789192
25828,3139.0953180285924
25829,2730.6141483137535
25830,2998.496586695807
25831,2236.761291672983
25832,2515.155634170549
25833,2001.5583142274018
25834,2654.7498107569554
25835,2594.308372249924
25836,3212.9134872123554
25837,2212.809402718298
25838,2532.2474644695535
25839,2326.79441177684
25840,1897.8192285755745
25841,1827.8154709909973
25842,2543.4969879301334
25843,3155.489312156008
25844,2739.16957721671
25845,1842.25940737274
25846,4558.493866956916
25847,2409.7439397809285
25848,3281.5609364099264
25849,2951.5858683509423
25850,2912.7874427049655
25851,2080.5177225398047
25852,2555.6150420692356
25853,1959.7438302804944
25854,2521.3942612066003
25855,2445.9239291787735
25856,2138.5668849529347
25857,2230.180386127539
25858,2831.1665549446125
25859,1996.5652764332137
25860,2315.91957231259
25861,1996.5341405840384
25862,3505.565476301981
25863,2143.9242943475474
25864,2004.9051422356551
25865,2713.4910545517687
25866,2193.1111572526743
25867,2640.2107540002235
25868,2437.747094156951
25869,3321.741167890247
25870,2697.870883434149
25871,2734.9497502771446
25872,2302.1053786179605
25873,2948.3716387170307
25874,2563.8493257555583
25875,3589.545905819092
25876,2379.2020999426213
25877,2550.435163121021
25878,2345.5426108177535
25879,1596.951212667846
25880,2410.2038017301265
25881,1984.1075937541152
25882,2185.6560436949103
25883,3134.906945653113
25884,2167.4201783502467
25885,3625.775559489448
25886,2604.1028378643327
25887,3652.371090575725
25888,2573.1758054939005
25889,2714.4277270657867
25890,1995.6658819713575
25891,2616.5108746468113
25892,3528.9890523534505
25893,3240.01682722055
25894,2859.4232123070333
25895,3207.6354844492807
25896,3916.1483529370444
25897,4370.280800645101
25898,2235.3315801007125
25899,3231.465854645051
25900,2148.9380132609303
25901,2538.3788341991003
25902,3152.6878043454963
25903,3134.702172256481
25904,2655.7128523807105
25905,1988.4684899692768
25906,3047.1056459445103
25907,2204.2431759519022
25908,2886.912660117154
25909,2535.3056529758883
25910,3649.1859548450057
25911,2067.3858286523537
25912,1823.6098482429716
25913,3019.310395648013
25914,2546.6567908745665
25915,1918.7371425346928
25916,2027.043351962476
25917,2099.639417200847
25918,2052.6423013081812
25919,1903.3621549431218
25920,1855.1284643826061
25921,2801.2584982009303
25922,2293.1839772941867
25923,3551.9648751542845
25924,2002.4978545038493
25925,2227.7143080696274
25926,2107.76700721009
25927,2404.7274692247092
25928,3421.1149317912327
25929,2772.150650260866
25930,3901.1434674795537
25931,2618.6808127501276
25932,3215.1761334885477
25933,2487.9441171696703
25934,2477.875647204463
25935,2463.028672900355
25936,2500.031945937816
25937,3410.718051954842
25938,2877.3190761409887
25939,2064.9689670718317
25940,2269.424465948322
25941,2792.2305539943427
25942,3627.3211052982087
25943,2393.2196221655504
25944,3514.2456641031627
25945,2251.915447247236
25946,2629.812852679579
25947,2600.992962636015
25948,3548.4503692102835
25949,2169.9326157881096
25950,1845.7137803590153
25951,2194.2320248586675
25952,2367.0903290914516
25953,1814.7199861807453
25954,2739.394553645996
25955,2575.881652058818
25956,2350.0185151755145
25957,2435.048376720859
25958,2313.216603435103
25959,2244.719765846061
25960,2907.2555957844365
25961,2728.0534332384327
25962,3032.08844327312
25963,2697.512641773339
25964,1992.1832147963821
25965,2353.680032842304
25966,2718.1050053034432
25967,3126.9779506225486
25968,2570.613485308344
25969,3446.28492367383
25970,3078.3813700245346
25971,2407.453274359095
25972,2126.2626078055114
25973,3468.0650244142735
25974,2123.7094315286345
25975,2138.029187729952
25976,2654.0953354948224
25977,2464.2162833334787
25978,2238.7546894589923
25979,3029.8179246196196
25980,2251.8977060843936
25981,2138.76365161797
25982,2586.5506373885837
25983,3324.700906838429
25984,2540.1169014208726
25985,2608.2732011313956
25986,2163.6469477541004
25987,3365.145603045531
25988,1865.8468798158194
25989,3200.660561709057
25990,2895.9461907556306
25991,2741.2343248585057
25992,2625.3989596919155
25993,2536.1699694183453
25994,2809.246802645523
25995,2338.5266343882895
25996,3043.0932256135297
25997,2497.3149387740705
25998,2216.110537408187
25999,1776.9272096189698
26000,3066.566934311149
26001,2403.3441107784843
26002,2212.587684792069
26003,2283.288112632931
26004,2450.947530592985
26005,2733.866896235583
26006,2336.9251497383943
26007,2462.0674720857387
26008,2409.6953659627807
26009,2464.7986163158134
26010,2425.472746032834
26011,2152.2314927067937
26012,2348.4777819165024
26013,2114.065771928512
26014,3689.1808947222553
26015,2048.3975329702976
26016,2656.5482643755213
26017,2388.955048851879
26018,3577.121527214538
26019,2122.2436199619456
26020,2456.45398959595
26021,2592.3345690814594
26022,2232.21371610668
26023,1799.6693722363746
26024,1986.8483380450239
26025,2107.912033777829
26026,2492.879366231814
26027,2548.8533970106273
26028,3569.8996033995513
26029,3128.0521676937537
26030,2213.0049130157227
26031,3264.361569768882
26032,3890.912347238299
26033,2482.5092814966915
26034,2440.441731930807
26035,2502.427359650915
26036,2578.9191198455947
26037,2101.506250628432
26038,2502.9368691931318
26039,3346.425156141124
26040,2372.778054509314
26041,2660.13043950892
26042,2113.657447739557
26043,3556.3372931220747
26044,2362.0542072333956
26045,2393.6299988182664
26046,2891.5818431723656
26047,2486.234689845643
26048,2531.058672619859
26049,2991.170169732042
26050,2395.48148053417
26051,2646.073234950676
26052,2708.17634052795
26053,3517.3251303247507
26054,2020.791531743461
26055,2326.1544370427137
26056,2685.842506773494
26057,2624.6322506259553
26058,2496.1559997838885
26059,1710.5611267839936
26060,2013.7586158858232
26061,2532.707207064724
26062,2254.1926171408213
26063,2210.043157186916
26064,3345.590711805312
26065,2052.219601649255
26066,2066.779938623529
26067,2116.6843058232394
26068,2525.5710890085447
26069,2498.750864882287
26070,3082.994306538627
26071,2312.0216498602567
26072,2807.900979651185
26073,1999.8290634155892
26074,2802.1049688066278
26075,3046.359157975403
26076,2121.5529460610464
26077,2000.73169710408
26078,2535.0288633091805
26079,3339.0288414762144
26080,3368.359501572305
26081,2995.4471522654117
26082,3196.7672284514147
26083,3034.1313140483167
26084,2096.7079934481903
26085,2098.624232564998
26086,2349.4641933610983
26087,3309.69251240371
26088,1961.8289348677345
26089,2621.88662911914
26090,2337.790609828795
26091,2269.1668472602523
26092,3234.338369164791
26093,2462.8366155490226
26094,4066.8993173951476
26095,2267.3666672346308
26096,2657.237764360316
26097,2109.26987978432
26098,2031.1777461077227
26099,1559.0429309916071
26100,3003.9013758200454
26101,1827.7256831243199
26102,2288.0859350281175
26103,2355.866135030715
26104,2689.9506875883226
26105,3551.471901634238
26106,3510.7693032560037
26107,2934.9588294700834
26108,2983.399175074427
26109,1843.7678165878228
26110,3566.5489587019533
26111,2269.167044284074
26112,1919.3298955968487
26113,3344.598905383573
26114,3358.5837982542375
26115,2295.3569440351107
26116,2460.211242383377
26117,3230.2538727065958
26118,3356.523506019783
26119,2689.430385923256
26120,3059.3560578578645
26121,2817.2311751499046
26122,3387.0359154789194
26123,2400.8592012584395
26124,1817.8768831821685
26125,2088.4544087393806
26126,2751.042453382519
26127,2936.949883859339
26128,2162.5217273276608
26129,2652.4029907821678
26130,2142.804163782079
26131,1901.9818618518084
26132,2845.457697997448
26133,3392.726818037544
26134,2272.6081881361943
26135,1917.4773250431265
26136,3279.4343037688523
26137,3276.478917463796
26138,3196.0634620501833
26139,1655.474251397884
26140,2274.004719554493
26141,2163.048197845194
26142,2168.7113806816265
26143,2607.640255623426
26144,1934.1661684736273
26145,2318.2757252247093
26146,2937.7866227626346
26147,2568.273748260552
26148,1915.794166107687
26149,2808.722408772005
26150,2346.3508673986726
26151,3876.420850014937
26152,3608.4162759869923
26153,1989.2527078958624
26154,2203.5582196993246
26155,2065.7391612665638
26156,2113.7119400550964
26157,2170.5947178467
26158,2139.512626822144
26159,2192.405687485263
26160,2462.026116277724
26161,1852.0800076529204
26162,2211.0724195686553
26163,2435.9737301948326
26164,2559.0677957199778
26165,2279.4262089304484
26166,3749.479340019363
26167,3514.477282422779
26168,3198.661696388399
26169,1885.127781359648
26170,3326.4577991202677
26171,1957.1856378445991
26172,2696.6141512070403
26173,2086.240178390381
26174,2544.9835833399575
26175,2568.7774975018438
26176,2149.491604433875
26177,3199.9994264742704
26178,2569.7634315751216
26179,2121.8286212417424
26180,3102.339202128547
26181,3739.867508841058
26182,2194.6414749524934
26183,1867.3054733133367
26184,1931.412688028397
26185,2586.890579798587
26186,2492.783809642773
26187,3144.7912294785556
26188,2311.420583140523
26189,2339.0416099097215
26190,2301.036293196441
26191,2601.6696287675377
26192,2305.428287786399
26193,2915.582408863386
26194,3004.55163918742
26195,2479.0532758472436
26196,3161.999060162133
26197,3398.3058764217712
26198,2775.6323362209814
26199,2902.846208058677
26200,2986.7125685441333
26201,2096.641490368132
26202,2873.6332582659093
26203,1969.48320712826
26204,2384.7741974324545
26205,2592.241426434582
26206,1775.5655550806175
26207,3011.428067902956
26208,3309.6113821263425
26209,2118.720390932578
26210,2527.5730974983476
26211,3377.0182678633455
26212,2927.5092319091264
26213,2755.9532810110386
26214,2427.221395757372
26215,2159.6202818274737
26216,2000.0408041683881
26217,2011.2081342142417
26218,2629.9231760210946
26219,2688.8320254567843
26220,2605.5801850610324
26221,2876.791521957554
26222,1878.761160636476
26223,3362.5800664489193
26224,2401.0664243168912
26225,2155.841146812103
26226,2487.964022320054
26227,2303.472667688335
26228,1877.330669441059
26229,1784.5794648666408
26230,2911.9187162191092
26231,2253.3962903581937
26232,2702.3118383622145
26233,2919.2685429715825
26234,2293.902451398193
26235,2215.332141028284
26236,2504.2342161280408
26237,2659.8135149658483
26238,3056.1742888629974
26239,2501.3495325974136
26240,2726.717572731733
26241,2687.101647375784
26242,2419.971613222259
26243,2864.955460804945
26244,2575.802445563889
26245,3053.692092428418
26246,2529.969294040287
26247,2233.1238481120727
26248,2210.556157601609
26249,2082.6221047595377
26250,2589.6569481801107
26251,2634.321969982462
26252,1988.5699337069523
26253,2112.3014629057925
26254,2650.791890866674
26255,3687.4679740387073
26256,2571.7346082380045
26257,2378.2718121280323
26258,2187.2457512081473
26259,1936.752093271969
26260,2764.1714467034917
26261,2366.6734314645046
26262,2807.27835004185
26263,2924.3833657641653
26264,2833.613418809871
26265,2184.4259117648608
26266,1790.558008903486
26267,3542.4438883708062
26268,1950.0438621903022
26269,3718.1507684073376
26270,2480.999923522563
26271,2986.3684622841065
26272,2216.5689808157367
26273,2496.992973457853
26274,3768.599644356806
26275,3175.419551946369
26276,2332.9042875844043
26277,2502.36302720629
26278,2253.0256308070884
26279,2248.8470801342746
26280,2232.6606382098234
26281,2745.492621666859
26282,2177.3072233832045
26283,2264.0992479578535
26284,2956.4580725527185
26285,2777.35662089764
26286,2610.825989196972
26287,3228.5398465646617
26288,1925.1929505874477
26289,1869.7455887120684
26290,4222.859030985321
26291,2563.3359375218697
26292,2313.2574443163085
26293,3237.5000253199487
26294,2573.0533986007263
26295,2361.8383895175443
26296,1931.3840353437522
26297,2455.9392285607937
26298,3171.1887313466277
26299,2643.403486021558
26300,3261.498946612559
26301,2223.134483789539
26302,2420.3817042400674
26303,2373.3620326388577
26304,2374.2029045107292
26305,2907.6726884341115
26306,2123.4750479177037
26307,1930.3260459137935
26308,3481.0948651906297
26309,2470.316190097913
26310,2374.1544245997547
26311,2448.8392851853914
26312,2256.2133530368833
26313,2350.1880854141446
26314,3417.3365460153304
26315,2795.467357444498
26316,3090.262631205722
26317,4071.7622877177264
26318,3288.1357806400165
26319,2671.8375050814175
26320,3316.8952436560867
26321,1977.462254167591
26322,2283.615682090239
26323,3465.278334331131
26324,3442.3017321103944
26325,3144.808499354133
26326,2581.108385990009
26327,3367.094710881913
26328,2422.8131267066155
26329,2281.0173367798934
26330,2212.774843873563
26331,2696.460253806519
26332,3254.588216292158
26333,2111.4114060343795
26334,2062.4544935921003
26335,2688.7043639151693
26336,3104.658990383954
26337,2023.1874730253803
26338,1960.4984868380618
26339,3303.8484296255006
26340,2846.4958892666255
26341,2478.8763728941894
26342,2387.0772190865473
26343,2381.9145335032163
26344,2742.055821073873
26345,3236.1791272330124
26346,2505.9785917726904
26347,3254.7227706060344
26348,2346.099568767275
26349,2341.101847313371
26350,3971.325076880582
26351,2215.198665613351
26352,2164.5324065778677
26353,2591.1168117995812
26354,2831.899847985325
26355,1973.0986836606307
26356,2090.483247134792
26357,3767.223580041316
26358,1968.0184743006373
26359,2780.495065172507
26360,2533.6291679002293
26361,2943.0009381478594
26362,2606.8964128809575
26363,2480.624104311033
26364,2554.455705202608
26365,3041.841343826212
26366,2339.2465949567086
26367,2172.6699552476507
26368,3407.7648722137
26369,2446.395690876021
26370,3665.828139665473
26371,2247.4265210405256
26372,2642.834709400756
26373,2142.3831297321317
26374,2565.588453479178
26375,1884.6231932367095
26376,2989.4693252847874
26377,2235.4498551134375
26378,3140.4238950320514
26379,2815.253893813329
26380,2940.61086062745
26381,2237.6379529391106
26382,3067.9594827008796
26383,2347.714018990913
26384,2316.12505316
26385,1920.213843003152
26386,3101.00446235011
26387,2145.570302876313
26388,2878.446623795515
26389,2203.44281268611
26390,2224.316587988945
26391,2397.9641428592913
26392,1787.3240195748704
26393,3144.562920891442
26394,1997.436427957527
26395,3119.0173859234583
26396,2794.666346532482
26397,2771.4224762623853
26398,2399.848324016397
26399,2394.6604052957337
26400,1976.8195748397616
26401,3179.9826770635436
26402,2552.1008433554784
26403,3400.5860052308676
26404,1853.493964093476
26405,2204.7313526732128
26406,2408.0379787873967
26407,2608.8540383089107
26408,3637.331246302043
26409,2374.8965349026166
26410,2202.3026269713523
26411,2123.029503175162
26412,2474.764420885277
26413,2088.0417214140507
26414,2941.7430012070436
26415,2340.955786353001
26416,2443.427978063843
26417,2155.504661160432
26418,2721.528888434922
26419,1839.136831251427
26420,2001.5558867917507
26421,2540.841163492957
26422,2981.6706918221093
26423,2306.4574705768773
26424,2216.4229334487327
26425,2197.656376677095
26426,2400.643748146159
26427,2064.7940265782117
26428,2708.3327469675432
26429,3117.0494374979667
26430,2648.392581262239
26431,4553.399255656228
26432,3581.2276630504975
26433,2011.4957106779166
26434,1758.544872127592
26435,3252.9971665442886
26436,2075.9534607377914
26437,2175.247287726348
26438,2272.775899306592
26439,2291.7027231681777
26440,1887.347231768804
26441,2278.8241964488907
26442,3548.8458774196115
26443,3089.992317437741
26444,1911.3112677926558
26445,2357.2410799633176
26446,2584.6295833540753
26447,2034.2220683965456
26448,3934.102137653991
26449,3128.9387867386195
26450,2568.2335273998524
26451,2835.8178164893725
26452,3441.235981536603
26453,2601.446927673404
26454,2333.4852255773794
26455,2303.9772507099597
26456,2807.130794256919
26457,2243.571988990756
26458,3251.7520972370558
26459,3450.0581820092602
26460,2499.3788650379543
26461,2634.655158197632
26462,2739.879796297609
26463,3051.064856377552
26464,3237.975870612636
26465,2742.8929542429632
26466,2159.6669540674193
26467,2892.6385368564543
26468,4080.4235393895196
26469,2141.12737708609
26470,2068.8302335862218
26471,2479.491453722239
26472,2373.3462365503296
26473,2369.4052773712338
26474,3167.2148602661077
26475,3180.739073039727
26476,1922.7734759813295
26477,4040.018398427904
26478,2155.24515784556
26479,2589.307727719295
26480,2787.6446646046843
26481,2238.1829975712035
26482,4031.5709725554093
26483,3684.3511308532306
26484,3187.0118310381768
26485,3699.5709972860195
26486,2613.227318249007
26487,4018.6700287136764
26488,2077.7462737596215
26489,2418.050789246136
26490,2196.403424727419
26491,3104.7823707379152
26492,2995.2362256727038
26493,2173.700490052171
26494,2709.3309740451805
26495,2538.2906672039344
26496,3493.1317028145195
26497,1929.6979988841272
26498,2100.3188697369087
26499,2320.1088101721803
26500,3021.383801579218
26501,1975.889144400413
26502,2175.933907335783
26503,3280.88622782733
26504,2184.655335786264
26505,2103.154582973666
26506,2138.962346364134
26507,3463.948669743389
26508,3024.4988506323684
26509,3664.60388810163
26510,3381.844899318644
26511,2094.6001643846416
26512,2482.0985121593685
26513,2411.0561688884177
26514,2239.1483496660353
26515,3990.005443003619
26516,1985.5952215547813
26517,1957.6965183968466
26518,1876.738639507597
26519,2081.1403334494653
26520,1914.1275313440306
26521,1949.5543588471787
26522,2238.245939503783
26523,3045.7154264007413
26524,2702.6121494330505
26525,2147.3413507024243
26526,3029.562629550061
26527,1980.1803713225047
26528,2960.6798335206804
26529,3227.2731652322555
26530,2007.1570247926725
26531,2760.941192886067
26532,2100.3015262020817
26533,3263.3819453628457
26534,2347.5873689547725
26535,2098.6108970582095
26536,3870.879174765261
26537,2456.4327949828676
26538,2670.7069146790973
26539,2786.4056424188548
26540,2370.308893258484
26541,3187.7662791016282
26542,2689.6681060848377
26543,2934.4080325805126
26544,2170.5373358193365
26545,2986.7625692543834
26546,3399.301391205473
26547,2632.9519441035604
26548,2786.6414710030276
26549,2420.1508929792326
26550,2976.288673222047
26551,2656.5482643755213
26552,2059.455031798657
26553,3395.1037619496806
26554,2470.2347190001674
26555,2726.164825328031
26556,1900.3025576479272
26557,2459.5577663933636
26558,2741.1906390447343
26559,3713.313178293818
26560,3535.081615548753
26561,1879.9997464050878
26562,3298.441475482153
26563,1855.1763391829472
26564,2369.5738222486452
26565,2208.6990788519056
26566,3479.2752675528836
26567,2147.6446529995424
26568,2562.728678481085
26569,2518.4877125783405
26570,3185.6582176863185
26571,2205.7187176225425
26572,3499.2425054118594
26573,2546.802021134081
26574,2473.1004726437804
26575,2886.5809079328933
26576,2090.721746943539
26577,2223.951083623696
26578,3663.571864796795
26579,2850.9206985744313
26580,3332.220107344176
26581,2420.633759433775
26582,2218.95204143063
26583,1801.7174360730057
26584,2560.239283959867
26585,2187.738892250395
26586,2329.5822430402095
26587,2313.5895433363976
26588,2698.553379787429
26589,2023.9924014533817
26590,3070.6934515445855
26591,2311.1226188737587
26592,2351.0985334676466
26593,2529.382280509703
26594,3157.2353750490947
26595,2233.4884624819097
26596,3216.1432218519312
26597,2167.045848658865
26598,3867.5141896869486
26599,1922.2946983949892
26600,1330.2301069322532
26601,3311.9376802478
26602,1693.088879771563
26603,1829.019600194775
26604,2531.806341288519
26605,2071.418822231185
26606,3247.67363916822
26607,3122.6064975951526
26608,3247.2604216439195
26609,1755.3533955414473
26610,2128.77021838612
26611,1958.7853953787762
26612,2154.381752339891
26613,2592.8602406321634
26614,3263.5502594528016
26615,2379.9198099757577
26616,4384.829403475033
26617,2557.978103387061
26618,3170.9596977832543
26619,2120.8456452814867
26620,2701.806262246654
26621,2458.9995682183744
26622,2555.9435830309376
26623,2046.2950711695455
26624,2533.4593562431346
26625,3282.6589177636806
26626,3318.2100259754834
26627,4162.1517060949645
26628,2451.1823200927643
26629,2463.6472292001345
26630,2031.2588151030768
26631,1813.770160815303
26632,2080.3572371561004
26633,2262.2464381520417
26634,2516.681815257613
26635,2017.0803054072403
26636,1834.4307944229395
26637,3216.8888845908623
26638,2431.387555453082
26639,2775.1538101413053
26640,3682.6371943836825
26641,2771.044561517717
26642,3151.6330181111935
26643,4587.380307379324
26644,2172.797972393981
26645,2324.85390449748
26646,2523.6667506208537
26647,2750.3811889969197
26648,2518.528660246034
26649,2002.3146838602534
26650,2591.988422742873
26651,2437.5736161341492
26652,2767.162305228907
26653,2477.0614167085128
26654,2226.9508101706506
26655,2295.180133632718
26656,2339.4044500944515
26657,3949.663794117554
26658,2754.8284161458805
26659,3648.976222453869
26660,2670.0031768632466
26661,3295.647327766332
26662,2187.526158781349
26663,2407.358730112497
26664,2083.6846285664064
26665,2566.3214348190186
26666,2798.7878344464198
26667,2318.772162674384
26668,2563.4198705139006
26669,3335.677757463465
26670,3003.421722020302
26671,2708.5866084272216
26672,2293.317655483585
26673,1928.7619378594666
26674,2060.6746464305215
26675,2325.357470255034
26676,2895.145623666557
26677,2485.297766175955
26678,2094.4261326993687
26679,1919.2065166260825
26680,2232.0652177128313
26681,2518.2344351374136
26682,3027.2679635223944
26683,2024.9862344537787
26684,2448.609010164101
26685,1942.0552874728533
26686,2675.1178279634105
26687,2098.830271273877
26688,1872.47609636058
26689,2750.6738629353513
26690,4686.154835179445
26691,2418.4911163610054
26692,2126.684037240999
26693,2448.606358009416
26694,3864.387668996213
26695,2288.7230032024
26696,2412.450366925731
26697,2480.4976383159105
26698,2444.0070078022654
26699,3403.8698327455713
26700,1893.0350991908294
26701,2037.4905019320388
26702,2831.7551389261334
26703,3407.067706618529
26704,2859.206362863
26705,2990.352733472001
26706,2772.1774001999265
26707,3305.953206136181
26708,2316.4904809333193
26709,2040.6134194103174
26710,2280.8596792376784
26711,2780.54229409792
26712,2861.9491927095746
26713,3363.1475414982274
26714,2223.4423911487356
26715,2436.709074468547
26716,1870.8630005677278
26717,2748.429679307434
26718,2155.1978752869695
26719,1892.493057283667
26720,3457.265199311115
26721,2914.6335144682425
26722,3089.700380778554
26723,2538.6759788881427
26724,3176.178176585775
26725,4230.213016405445
26726,2410.8016524755476
26727,2224.888557153404
26728,2590.7149147134446
26729,2150.531890822688
26730,2704.1093439723772
26731,2674.6967880279217
26732,3075.374581874027
26733,2108.252866197302
26734,1733.1882331252584
26735,3310.3873531551826
26736,2873.931498567529
26737,2093.6286856543143
26738,2311.4676164699085
26739,2772.6606526129576
26740,2111.829656217828
26741,2366.2910825063095
26742,3163.523710096223
26743,2961.058603793478
26744,3008.1063175567574
26745,1988.9883363723625
26746,3126.371283752701
26747,2389.7418623611497
26748,2846.908728944807
26749,2233.954800777781
26750,3269.737894345154
26751,2694.5510038434204
26752,3614.8139998404095
26753,2992.4433436085314
26754,2688.806019681301
26755,2818.6294606268402
26756,3813.250244453464
26757,1964.6234388292673
26758,2433.28714059658
26759,2085.6383198565322
26760,2422.1812161335565
26761,3800.296326568082
26762,2315.65898868755
26763,2114.3142849465685
26764,2208.47412107717
26765,2032.605843315855
26766,2144.7995098357633
26767,2560.686999323019
26768,2406.816986225882
26769,2364.3683103201265
26770,2939.438299021913
26771,2594.912853310692
26772,3157.155333551939
26773,2519.8808773980772
26774,2184.381853621875
26775,2133.512870257239
26776,2230.694291760881
26777,1910.6497132369523
26778,2350.051379286186
26779,3035.5439112472513
26780,3302.9229410190133
26781,3151.589053183624
26782,2345.558313656943
26783,2229.2309065444497
26784,2598.7314594113996
26785,2250.9181762929047
26786,2162.2801070902583
26787,3355.1640128526215
26788,2300.931192525987
26789,2067.1111114049713
26790,3292.5968968597344
26791,2212.9257166369257
26792,2221.5565809386026
26793,2013.6478923324003
26794,4025.9403222664982
26795,2417.911144213449
26796,2120.575953239586
26797,2397.7848773654373
26798,3161.1080664607725
26799,3424.7594279053974
26800,2296.1575149436694
26801,2645.8220194141436
26802,4470.766935128866
26803,2845.456366373919
26804,2203.211841626084
26805,3279.6022955277817
26806,3349.120655747929
26807,2002.7893235352067
26808,2484.3714172876325
26809,2292.2718188973718
26810,2173.4993198163565
26811,2662.5034575977556
26812,3119.29636727257
26813,3259.7991506727803
26814,1900.1083517963834
26815,2971.1568830606275
26816,2846.17276596563
26817,2071.9204649542703
26818,3643.3097335354246
26819,1877.5532081710785
26820,2458.30143020376
26821,2222.6020227816853
26822,2569.669903054404
26823,2696.629515216049
26824,1939.9174444789992
26825,2253.419156453028
26826,2988.3453330782295
26827,2610.794655154184
26828,2533.6881515665636
26829,2837.980961878904
26830,3627.6314808202824
26831,2392.8131322546806
26832,2282.212858166295
26833,2444.713860104998
26834,2550.628708214415
26835,2382.4368410139273
26836,2176.1449394043034
26837,1901.0613266992445
26838,1855.8556893958325
26839,3377.4183717923834
26840,2637.4074947893514
26841,1872.857065542587
26842,2202.1535928089625
26843,2287.1863260343052
26844,2298.8873702768033
26845,2179.883677793432
26846,2624.5227903731707
26847,2729.657511716571
26848,2004.390210293013
26849,2118.4767646884247
26850,2077.766992469463
26851,3327.1962031633057
26852,2621.898903809387
26853,2476.000616509097
26854,2363.176066973976
26855,2412.8516999477833
26856,3067.7075241459743
26857,3849.041975408776
26858,2037.977575841328
26859,2307.2680791351686
26860,2164.6304502659455
26861,3449.247065866778
26862,2620.660326960002
26863,2567.0447302262273
26864,3489.844919637483
26865,2128.0275058198463
26866,2895.2147596952327
26867,1922.4530087094836
26868,3207.84690311835
26869,2711.7557053048804
26870,2228.9590998181657
26871,2438.8657815572838
26872,2840.414987703735
26873,1896.0117526056652
26874,2673.44487084755
26875,3273.448650824759
26876,2676.0033011575542
26877,2218.9111956317474
26878,2993.138336289184
26879,3136.964748622232
26880,3185.2289477093004
26881,3929.9159913275707
26882,3205.5429804779487
26883,2417.095269819578
26884,2307.6376516549153
26885,2097.1727447846697
26886,2105.2267073457324
26887,1813.122806811445
26888,2336.473621119432
26889,2095.4482750073066
26890,2251.598972823497
26891,2794.657626884
26892,2493.9840588331954
26893,3580.9121657134256
26894,2145.268807713278
26895,1919.6018572851513
26896,2739.944195132861
26897,3221.0187744673776
26898,2349.881234799272
26899,2307.8717943869287
26900,1764.9052839391472
26901,2153.8568562979335
26902,2695.1121507246435
26903,1995.6038088375558
26904,2395.2454530517725
26905,2083.6181965410115
26906,3546.8352547930635
26907,2043.4344812290392
26908,2978.812172646378
26909,2465.089704808538
26910,2118.5532239774525
26911,2265.632802129334
26912,2074.4949629454627
26913,2476.899151604784
26914,2305.467833113728
26915,2760.4255120986236
26916,2557.2582343149534
26917,2361.7346510170455
26918,1854.7416495779632
26919,3078.3548108292007
26920,2142.1849449420342
26921,3526.1399616152776
26922,2341.3441657711305
26923,2839.901445492379
26924,2225.0140566088
26925,3232.351586583961
26926,1916.609807906817
26927,2296.7393657118073
26928,3375.418780846274
26929,2769.208845717797
26930,2362.687920196855
26931,2163.0930316524345
26932,2036.6510638520365
26933,3015.187186698521
26934,2638.1343801962
26935,2194.298444906194
26936,2798.2056629472672
26937,2785.5591445519335
26938,2862.4229169121127
26939,3006.319705731
26940,3404.8214142012775
26941,2027.0067268641087
26942,2092.8010716313424
26943,2238.0566102424036
26944,2288.4966336635434
26945,2619.92503835752
26946,2329.936778475048
26947,2893.8528480117957
26948,3152.6110808938447
26949,2120.0861249357436
26950,2821.500193760516
26951,3401.5364102821904
26952,2519.928980040413
26953,2975.75908020185
26954,2827.883331490537
26955,2315.3163923379007
26956,3821.3762391687064
26957,2065.1791260543014
26958,1983.1301798433983
26959,2163.812171397747
26960,3466.8545694524764
26961,2246.4666871117643
26962,4036.5428135562656
26963,2118.3338280228813
26964,2709.1841053133858
26965,1965.7510495866718
26966,2480.605619541191
26967,3165.402673092057
26968,2217.431791950407
26969,2916.773753402057
26970,2932.381694704367
26971,2638.8144529264373
26972,2000.1652997394744
26973,2597.819147715705
26974,2198.245722926443
26975,2272.334412113085
26976,2272.6434917807237
26977,3268.725326283232
26978,1984.134190121231
26979,3204.673707511145
26980,2986.5609059225926
26981,2267.1120524480475
26982,2752.4986547866984
26983,2378.020339727329
26984,2324.624517530634
26985,3193.249321955135
26986,3322.9115779134913
26987,2827.0313440815553
26988,3265.9129672214513
26989,3317.9175808643604
26990,2070.2308370933124
26991,1952.0127261060313
26992,2373.416722876893
26993,1973.1669812279633
26994,2135.1017727413637
26995,1660.815288773038
26996,2463.6016852131984
26997,2303.358088044014
26998,1940.9365603232277
26999,2521.5086082058297
27000,2553.820265230964
27001,3902.2593118654095
27002,2030.3052870022207
27003,2211.8490534279026
27004,2942.2071709732577
27005,2162.549413020567
27006,2929.7802256017094
27007,2904.764277494285
27008,2266.0304369761866
27009,2591.702864238514
27010,3008.3613878098
27011,1903.1169269464897
27012,2871.021219818816
27013,2202.5783211469497
27014,3175.1928314330426
27015,2698.8880072015327
27016,2662.4884262929163
27017,2417.4243919515243
27018,2505.0312771388108
27019,1967.3441169286407
27020,2375.7968920550566
27021,2636.4229690350753
27022,1923.622096501128
27023,2723.139572791573
27024,1957.631005012696
27025,2563.0406168493514
27026,3018.94254695602
27027,2496.334859039741
27028,1967.2352187688712
27029,2588.1645400893844
27030,2171.1042901383707
27031,2627.40217251718
27032,3528.414766444216
27033,2810.869609723489
27034,2544.9302402318804
27035,2267.9143953172957
27036,3293.067126036208
27037,3096.7253414735296
27038,2555.3177425497906
27039,2817.969967739883
27040,2126.1123906852667
27041,2781.6722594264043
27042,1922.4305368877406
27043,2278.980433118093
27044,2678.7139633387155
27045,2614.328017384557
27046,2984.7571512859777
27047,2848.524434852943
27048,2629.827003161143
27049,3245.4493513431107
27050,2413.1522340221104
27051,2753.0971472363217
27052,3101.8163983166623
27053,2302.025677163453
27054,2456.9845873854765
27055,2162.9208683561465
27056,1941.3144213961118
27057,2024.7423115716529
27058,3003.745859770355
27059,2510.5365825766858
27060,2341.71165917402
27061,3136.8718758414534
27062,2873.017310220401
27063,3006.354327190611
27064,2156.564806075293
27065,2373.416722876893
27066,3538.9983760191367
27067,2853.4357713531617
27068,2225.118827482572
27069,3085.4267262327394
27070,3427.2384533402624
27071,2016.1667184125054
27072,3091.444777986141
27073,2064.224745813815
27074,3561.2343190432575
27075,2065.717487447189
27076,2411.806351288433
27077,2845.8441801220374
27078,2994.307528822354
27079,2413.4974429846925
27080,2251.9474682616274
27081,1887.006569616003
27082,1841.1493285996098
27083,2527.448600164782
27084,2087.5052228977997
27085,2365.9568969708866
27086,2095.622606791338
27087,2337.0804979614586
27088,2233.966388344438
27089,3153.7290645779703
27090,1795.0001140574689
27091,2246.9503045988013
27092,2185.7961814509586
27093,3474.9354853814057
27094,2596.808028423654
27095,3229.1949276829464
27096,3494.6098213720734
27097,2317.672214951758
27098,3162.243164629884
27099,3723.6422749105855
27100,2054.593593570219
27101,2252.4288994762983
27102,3097.5590427083725
27103,2672.045026489436
27104,2038.0190246925408
27105,2222.239006013789
27106,3331.443011705043
27107,2123.9710048607494
27108,2060.3740737650446
27109,3075.836217178426
27110,1881.3823334242854
27111,2219.7873171251035
27112,3397.6746992717676
27113,2949.31431716239
27114,1694.9092084496851
27115,1922.2754371848955
27116,3682.2479354648767
27117,2812.33397682338
27118,2564.5218102544263
27119,2394.409122360675
27120,3810.3045562022116
27121,2450.219641538145
27122,3374.2259113277414
27123,2496.759378045485
27124,2670.035737589337
27125,2475.490016353512
27126,2866.2954474780536
27127,2163.9856146347183
27128,2368.0655538112037
27129,2706.493967029701
27130,2335.9352971237045
27131,2627.6056154688417
27132,3224.802357778514
27133,3112.9317712682505
27134,2885.7542876436373
27135,2372.7353342481524
27136,1716.2580044201713
27137,2166.0086523358796
27138,2016.859088243429
27139,2428.1242665096215
27140,2070.019786755074
27141,2499.793079875776
27142,2130.558713313196
27143,2485.6311806001613
27144,2216.5230000443735
27145,2547.7132302246528
27146,2508.9545500072145
27147,2264.185948231765
27148,2115.363160082388
27149,3869.627587739514
27150,2661.726799072503
27151,3755.2588738514933
27152,2631.650712023713
27153,3077.022377289836
27154,2366.9085264124847
27155,1976.3817653533683
27156,2217.8497970278704
27157,2245.198954257896
27158,2600.165539207085
27159,2497.658472242648
27160,2030.3065920857055
27161,2131.505092413876
27162,3176.4555226548673
27163,3251.972650659686
27164,3210.6538511475164
27165,1910.4716139692168
27166,3894.664808690347
27167,2305.5943099159813
27168,2749.098418085907
27169,2128.2024451822135
27170,1866.864929951917
27171,3025.265825469419
27172,2999.124548952961
27173,3205.3236943702705
27174,3325.86554175758
27175,2659.77424301636
27176,3175.2726322083363
27177,2008.9532559810905
27178,2855.441699358881
27179,3175.213592663189
27180,3430.424395641605
27181,3277.5709047201135
27182,2427.408226141262
27183,2004.64789703458
27184,3072.8191882581905
27185,3032.928972934791
27186,2468.8967464184
27187,2162.8589027693065
27188,2892.0684325304474
27189,2607.8057787218822
27190,3061.238993995199
27191,3085.422559926355
27192,2243.2893648131985
27193,2142.369514465367
27194,2602.872938122438
27195,2675.4807172271585
27196,1962.8924365188836
27197,1789.1492282716665
27198,2183.410444997494
27199,2302.1006428266414
27200,2519.1110115718516
27201,2599.6615612116957
27202,1863.7749211587584
27203,1849.9435090401719
27204,2427.327857774692
27205,2720.7552124557164
27206,2167.1986869035572
27207,3101.358691526906
27208,2825.156656289126
27209,3104.2568056930113
27210,2502.609799463948
27211,2926.2638456299255
27212,2354.205936826683
27213,3192.565739843698
27214,2273.5860244738924
27215,2044.8434137705854
27216,2981.7851187068873
27217,3126.8525047121248
27218,2158.5599787294373
27219,2366.522066779008
27220,2260.001880609461
27221,2439.672343027571
27222,2258.0943981197006
27223,2474.099234454221
27224,2754.097271319274
27225,2199.592007475252
27226,1850.2542893620216
27227,2946.907870993929
27228,3641.511377486694
27229,2376.3875089954654
27230,1824.0458653588958
27231,2079.3929875089216
27232,2474.380480551469
27233,2715.7919906963807
27234,2053.7001195697103
27235,2245.2862480674726
27236,2435.485301433453
27237,2117.8966340702364
27238,1907.9272775762342
27239,2198.329284865615
27240,1857.8715567750628
27241,3071.798307318612
27242,2242.418819570282
27243,2444.4524021711795
27244,3355.2280681176762
27245,2049.2169299438738
27246,3446.961556140207
27247,2048.647006944775
27248,2720.6564889819156
27249,2403.992915255369
27250,2601.3263290987616
27251,2370.0441777222095
27252,2358.5274138751493
27253,1996.4554124447393
27254,3264.1207810124424
27255,2652.8558700924486
27256,2685.121067796128
27257,2049.623142352923
27258,2270.842758704048
27259,2344.0851797529835
27260,2785.209337999427
27261,2015.4891835870008
27262,2886.944365326944
27263,3598.7988250397902
27264,2764.0999061367384
27265,1549.8139793347727
27266,2640.2142624248477
27267,2782.377121650641
27268,2357.329538238018
27269,2338.6072108643402
27270,2517.742935928248
27271,3281.8038757002364
27272,2500.2072036414293
27273,2320.27656338896
27274,3622.0740594723065
27275,2788.852013406866
27276,3311.801575358824
27277,2218.89021280536
27278,3633.2333741649745
27279,2300.310496326919
27280,2412.3503580856623
27281,2143.3829134493253
27282,2642.54056605216
27283,2453.701727907048
27284,2513.7375433445677
27285,2678.1917483229054
27286,3156.451432964881
27287,2579.2737731008383
27288,3082.989496431418
27289,2510.9114800558123
27290,3425.334854563676
27291,2198.9411679405093
27292,2144.685281933891
27293,2052.1212056347586
27294,2124.789834632593
27295,2188.5589500627493
27296,3026.4910994102765
27297,3658.383708776024
27298,2367.075174210694
27299,1913.0067676151816
27300,2050.00152394001
27301,3077.058385608613
27302,2300.3811124062845
27303,2448.0353724696947
27304,2068.806182343985
27305,1839.8075889052984
27306,3020.834519672515
27307,2418.1931980471304
27308,1935.257912596025
27309,3986.325973710056
27310,2644.2523477606737
27311,2439.570088183127
27312,3098.286303707486
27313,3310.577806784464
27314,2329.303769018033
27315,2236.858122772542
27316,2154.8625833347287
27317,2097.200802214251
27318,2518.320974733764
27319,2074.440266186184
27320,2215.044546145244
27321,2298.190477974759
27322,1919.9589653969815
27323,2198.2475672503724
27324,2867.9299591699555
27325,2654.5081032119406
27326,2112.156337279315
27327,2807.417034097176
27328,2108.3846623271816
27329,2542.85027591509
27330,2051.5418943043733
27331,2207.451511350237
27332,2208.1552234612996
27333,2569.0445992555588
27334,1909.302476976887
27335,2592.2490782657087
27336,2869.699975417278
27337,2634.9583240243587
27338,2229.4766169178674
27339,2573.5149486765076
27340,3056.0717203078343
27341,2002.8842961016467
27342,2562.4486186089666
27343,2234.919943796704
27344,2681.5394043106917
27345,2410.7628205709666
27346,1860.2219246692264
27347,2525.864789604385
27348,2720.6923563158525
27349,3641.4716010350403
27350,2051.7355289336974
27351,2908.8479102523243
27352,2368.7165290999865
27353,3863.4214382788496
27354,2754.4111165457352
27355,1934.5980058368987
27356,3117.102435236077
27357,3256.7283122033987
27358,2033.7558586833752
27359,4534.5886846795875
27360,2375.529305539355
27361,2754.66994305634
27362,2526.2762273195276
27363,2411.3559101306278
27364,2064.9037641280256
27365,2769.7756958662208
27366,3002.074096499618
27367,2275.047850051197
27368,3333.0399414452286
27369,2396.9268919987603
27370,2454.9208011953506
27371,2878.3853397308653
27372,2684.9844018460262
27373,2711.243224362619
27374,2598.792356804489
27375,2707.8388392979937
27376,2192.810154661587
27377,1955.7763621166437
27378,2040.4128618604905
27379,2582.2594095582954
27380,2494.609200645755
27381,1897.4655461516256
27382,2642.2278123580886
27383,2752.715574533987
27384,2314.5669842013895
27385,3064.2385824828343
27386,2667.511483144578
27387,2742.9463113958063
27388,2034.2007296816287
27389,2095.2762701282554
27390,2223.194771283325
27391,3535.6812224914506
27392,1929.7083374222948
27393,2197.421813130343
27394,3295.711579632305
27395,2020.226055449877
27396,2315.357194616716
27397,2026.521427519172
27398,1945.97517146789
27399,2334.2866135005565
27400,2403.2959561806824
27401,2605.7515494939616
27402,2356.7194185639987
27403,2112.8998868905196
27404,1685.1715065366707
27405,4325.2658033184425
27406,3208.8619852306674
27407,2127.185469675668
27408,2425.2188616983785
27409,2692.8844194370095
27410,2132.4300898953707
27411,3660.715418792567
27412,2993.887717691207
27413,2511.009872168736
27414,2903.6343681471535
27415,2119.744770401108
27416,2655.92764287668
27417,2506.0411689119574
27418,2438.0948619683713
27419,3350.994597914607
27420,2753.8239951499854
27421,3338.337413565686
27422,2154.2129950405347
27423,1880.4327071766368
27424,2784.4066215947846
27425,3171.0157590269455
27426,1863.592823981845
27427,2273.7433334952384
27428,2012.41664866874
27429,3509.420221421359
27430,2805.916344232074
27431,2255.391561437964
27432,3455.3320655707685
27433,3980.0096711596984
27434,3185.1563458542146
27435,1859.0223329917972
27436,2301.9593349419374
27437,2027.6882751751677
27438,2186.7757516852434
27439,2726.975668021951
27440,2705.170231046154
27441,3639.8288613193536
27442,2665.2544647699815
27443,2964.3390713523063
27444,2312.4343482941213
27445,2702.1352562254037
27446,2863.304682724968
27447,3113.1386455868646
27448,2509.3720178255044
27449,2363.0799439192124
27450,2068.5048880745844
27451,2419.2045079431373
27452,2145.8516109656366
27453,3335.5601953315
27454,2204.7858788633785
27455,2218.754940695885
27456,2173.6486988454176
27457,3325.3401967404484
27458,2433.3260324789953
27459,2721.5301982623296
27460,3421.531343249374
27461,2714.898403601575
27462,2650.175939305319
27463,2386.082710693774
27464,2738.7846296968482
27465,3683.732615066469
27466,2049.498215988839
27467,2994.9929990467854
27468,1993.0100477783765
27469,3080.467077256212
27470,3171.367611471809
27471,2630.984061672225
27472,1850.827173610076
27473,2608.952323199858
27474,3299.595569179597
27475,1929.3073701690046
27476,2392.21684830143
27477,1977.518629403835
27478,2455.3577778592776
27479,2243.439564421393
27480,3490.1857300311217
27481,2608.02242699643
27482,2531.753524943592
27483,2086.2782452023343
27484,2313.0667391748993
27485,3484.015955707614
27486,2436.119373729278
27487,2966.6898582075064
27488,2404.035793805777
27489,3123.6266162541324
27490,2200.8257722668486
27491,2944.459595167833
27492,2141.698715251764
27493,2614.4313614391267
27494,3052.1404546997715
27495,2360.733764164991
27496,2155.6827865797786
27497,1845.9506261943038
27498,2243.9262377704104
27499,2112.5723757761443
27500,3607.2292413843675
27501,2070.6105310925145
27502,3043.4312202398605
27503,2554.9357736424427
27504,3666.8448767256104
27505,1764.289453253863
27506,2333.1989256229435
27507,3095.705981290491
27508,2211.166448508241
27509,2760.2903415218334
27510,2427.6510451024405
27511,2920.530645214968
27512,2360.816491073602
27513,2422.4987930274247
27514,2359.5261640144845
27515,3291.6900159684355
27516,3087.9338783022367
27517,1859.0016779083808
27518,2913.4714983092854
27519,2144.524725702144
27520,2039.8226020144607
27521,2166.8129105765374
27522,1640.9322112965187
27523,1936.0330867550806
27524,1875.5280744926251
27525,3581.897563850091
27526,3656.69119860416
27527,2269.3645979950948
27528,3165.820837373436
27529,1885.8198019823528
27530,3304.670164296682
27531,2605.8460394607214
27532,2117.5390685251677
27533,3579.442416858188
27534,2507.586709622538
27535,1893.064745002968
27536,2379.385137633166
27537,2786.13693545256
27538,2894.072558730448
27539,2306.095253206357
27540,3039.731172665638
27541,2192.8420001326667
27542,3063.0514365700474
27543,2503.633841844745
27544,3059.463807883524
27545,2357.3955689532904
27546,2243.8530032367703
27547,2729.095970256185
27548,2528.728688198547
27549,3235.5250519414967
27550,1740.8821206959187
27551,2673.2603965851295
27552,1801.3634258327882
27553,2185.736219213317
27554,2639.415962406306
27555,2637.1870803704023
27556,2111.882772661167
27557,2302.497619467177
27558,2177.5606816367153
27559,2123.085021253513
27560,3128.6898771132037
27561,2140.252103479525
27562,2050.4595839218714
27563,1870.9044317221592
27564,2955.989203237141
27565,3392.9477608524357
27566,2403.082725258928
27567,2358.904709602545
27568,3333.678642568717
27569,2783.060789736719
27570,3784.5850346599973
27571,2457.709079841069
27572,3166.4519437322474
27573,2669.478020327464
27574,2207.3975078925414
27575,2254.7941015437236
27576,3177.7692282373077
27577,2035.3284378981639
27578,2818.223090417483
27579,3249.632388261839
27580,3369.863260397533
27581,2615.341235899914
27582,2419.1913643315584
27583,2202.6880946818233
27584,1360.9402228782633
27585,3200.7954190472738
27586,2961.028359764444
27587,3708.353357362952
27588,3070.6945664368513
27589,2510.8052023223413
27590,2235.370906101047
27591,2357.6348395192363
27592,2877.2876677894646
27593,2199.3923532570147
27594,2159.620284592945
27595,2362.967920799949
27596,2772.3394349576733
27597,2832.353671559723
27598,2128.796106160953
27599,3208.8219921758273
27600,2058.093105656246
27601,1784.4393952307444
27602,2191.621060012642
27603,3366.919316925242
27604,2024.083755646855
27605,2965.0351160356468
27606,2831.1257338208316
27607,3188.312050937522
27608,2405.031753780487
27609,2141.188465639254
27610,2267.2973452429114
27611,2494.9688296700288
27612,2786.2961135248383
27613,2881.116779640897
27614,3451.114233651745
27615,3575.7440103704157
27616,2384.0943816727613
27617,2338.7773944755977
27618,2191.8171460195617
27619,2187.2457512081473
27620,2487.4906036776515
27621,1927.277716917026
27622,2470.214920383248
27623,1382.8537265836367
27624,3818.5133208040843
27625,3189.9778817902616
27626,2444.713860104998
27627,2940.0865241098954
27628,2254.003044561849
27629,1964.6234388292673
27630,2079.708569791785
27631,4031.4983750487145
27632,2485.8147610905403
27633,2666.451804075562
27634,2115.112398673081
27635,2265.3135930851204
27636,2438.9626989761273
27637,1819.360594416179
27638,2118.417688472186
27639,2350.5902144449715
27640,2204.575135940293
27641,3139.809621055082
27642,2061.916376715173
27643,2106.2466178280383
27644,1922.2173284710832
27645,2130.6699916678826
27646,2560.4487994489864
27647,2585.9414937995352
27648,3161.915043100147
27649,2228.4554676664116
27650,1975.7095319055059
27651,3523.032655404161
27652,2699.814033144451
27653,2485.374246570855
27654,1947.75812287085
27655,2344.910344438147
27656,2122.2094670433125
27657,2021.5726759288445
27658,2705.7948129285496
27659,3184.3614914332024
27660,1915.1663604506048
27661,2774.3940496606238
27662,1895.8721796369498
27663,3749.105546380053
27664,3179.544942734842
27665,2995.2715630218513
27666,2551.9184403450136
27667,2233.820326060858
27668,3273.8034970185954
27669,2228.2654526564957
27670,2108.4350208922697
27671,2559.626730389487
27672,2959.0250254103835
27673,3595.6659863763875
27674,2578.898014938831
27675,2609.876478381017
27676,2369.54385697026
27677,2711.6655121139465
27678,1824.5559822761024
27679,2083.1687501011297
27680,1512.2958251526393
27681,2679.063107355845
27682,2433.1316399100915
27683,2808.6391363216853
27684,1872.2334508150082
27685,2197.5998394002872
27686,1889.726613024233
27687,2001.5872724074597
27688,2971.7644601877737
27689,2375.157318925114
27690,2363.418908383318
27691,2267.9695523603696
27692,2807.9751269316903
27693,3251.6392638505567
27694,2547.3885044201907
27695,3310.3205292861767
27696,3202.8581851180047
27697,2323.5605963604776
27698,2119.0079227037154
27699,2249.8109302104876
27700,2794.6196641144124
27701,2713.648142614711
27702,2840.0938799371943
27703,3345.7406308959617
27704,2105.319048220721
27705,3270.2011076222443
27706,3096.5488042757615
27707,3039.044564650269
27708,2082.90269909337
27709,1975.7996734604394
27710,2234.014406644378
27711,2085.8506695821216
27712,2733.648927724362
27713,2198.233735897328
27714,2552.775974256694
27715,2925.1898148074406
27716,2061.795997996149
27717,2153.0777162318254
27718,2260.674574645991
27719,2650.188711160713
27720,2139.735105937105
27721,2605.371431756057
27722,3298.6004341823113
27723,2579.5136800678897
27724,2171.870897075109
27725,2190.1404710640645
27726,2373.843056044837
27727,2207.8645353871143
27728,2209.36985486083
27729,3163.251963858801
27730,2846.210342184131
27731,1917.2235895901908
27732,2265.339563327444
27733,2501.44490317115
27734,2691.075781724543
27735,2849.8905249755
27736,2502.3967557401197
27737,2409.5444057403006
27738,2432.7147193645023
27739,2043.611272321954
27740,2069.1386526713854
27741,2901.0948931887797
27742,3394.1887358434633
27743,2059.332169549791
27744,2856.332513279408
27745,2127.4782919038553
27746,2093.149177389577
27747,3484.3604825202005
27748,1986.5565907557234
27749,3444.4132248550823
27750,2374.682207788007
27751,2841.001102125232
27752,2262.910272233587
27753,2219.92882641572
27754,3910.503781791612
27755,2294.6529205248953
27756,1877.5314795008785
27757,3466.9087580164487
27758,2342.2597738175855
27759,2687.248365331835
27760,2211.209007481416
27761,1692.0134966978098
27762,2351.2953800463647
27763,1820.9042642651043
27764,2082.8143886054377
27765,3065.1158923474286
27766,3030.2852651139606
27767,2620.8337517064256
27768,2938.4897137759745
27769,2914.0537337875003
27770,2393.0471745124873
27771,2680.7448745678985
27772,2212.2064657163146
27773,2261.4085067640844
27774,2844.7417058639007
27775,2879.9835145703237
27776,2906.9549407610466
27777,3576.305520430009
27778,2140.1339492001985
27779,3887.470700072627
27780,2154.230854360507
27781,2348.8526352488993
27782,2957.251597154727
27783,2091.232033816218
27784,2231.2357518119816
27785,2368.868950353787
27786,2665.698224434836
27787,2683.534768118626
27788,1479.2139284930859
27789,3962.614223107687
27790,3122.5303368041427
27791,1924.3223448180638
27792,2052.7570180945636
27793,2410.8009314627075
27794,2141.120961268467
27795,1828.6537750177572
27796,2468.712239051492
27797,2711.246845277932
27798,2657.0718994507724
27799,2377.504999884762
27800,2332.007043059861
27801,2485.078833594756
27802,2374.5496442374197
27803,2585.1906939278497
27804,2641.520086410822
27805,3193.330089824594
27806,2615.547538267216
27807,2052.591019253711
27808,2707.3264644541455
27809,2403.154561795314
27810,2544.123045796603
27811,2720.5800393241093
27812,2078.600748018142
27813,2817.4640214306046
27814,2950.6884234795375
27815,2322.013901267711
27816,2634.4309746845415
27817,2298.6962972488604
27818,2159.0903433269305
27819,2312.3255806806656
27820,1797.5099058296666
27821,2383.7010809610138
27822,2164.2369900642198
27823,2152.071582093501
27824,2262.9073887076875
27825,3166.9081652638943
27826,2350.6947211359657
27827,1705.7134587444898
27828,2488.941227382401
27829,2199.094297634918
27830,2496.286627525725
27831,2258.4013375933687
27832,1999.7295551490313
27833,2535.8450931241514
27834,3112.1792209477826
27835,2387.886109142582
27836,2440.220964145342
27837,2111.747529680576
27838,2474.541944678078
27839,2997.6243614142572
27840,3041.256191307242
27841,1854.9032325851263
27842,3209.258706783663
27843,2697.909720781483
27844,2247.500720797652
27845,2530.7395618227083
27846,1971.1506239664755
27847,1997.7428074608888
27848,2458.8519286473766
27849,3224.4446669213366
27850,2509.153672653463
27851,1929.9757772593512
27852,2117.4469217391425
27853,3583.853295660284
27854,2438.756747937693
27855,2002.5393223139802
27856,2394.96458860288
27857,2067.8460656093303
27858,2239.4116513901163
27859,2613.40526877959
27860,3228.4710143941074
27861,2787.714781279154
27862,2162.071141016882
27863,2203.9235665081087
27864,3033.055667333426
27865,2639.860466527354
27866,2083.461769740413
27867,2497.820400834642
27868,2208.94191394703
27869,1922.9892334784613
27870,1885.2811409321923
27871,1948.9270186558247
27872,3345.2853635067277
27873,2164.4504702659992
27874,2500.022413707034
27875,2231.8096554790554
27876,2076.459561072827
27877,3283.12264111668
27878,3415.134732834349
27879,2033.8089590491115
27880,2703.2405075197016
27881,2074.752286850682
27882,2242.0290804982337
27883,2835.1802537271574
27884,2259.7633868283583
27885,2280.090549483537
27886,2852.444708190468
27887,2621.5421422166337
27888,3623.9204025708214
27889,2486.0860019023744
27890,2555.0102233285643
27891,2566.4113311740894
27892,2646.0359390657463
27893,2072.2005000907634
27894,2300.4071672057116
27895,2671.4979577066347
27896,1827.9952575338066
27897,2295.3180405268927
27898,2960.9056191210707
27899,1965.1524120952347
27900,2973.119637714629
27901,2989.4391762780206
27902,3230.412267130824
27903,2399.0808371706307
27904,2163.0636267960203
27905,2184.5475521152794
27906,2625.987571768589
27907,3317.9817961041076
27908,3349.3945526414936
27909,2770.1267075421097
27910,3059.253796278528
27911,2807.836832281444
27912,2023.249222242544
27913,2572.9543798049763
27914,1781.6815039465973
27915,2082.2033948838643
27916,3024.7174761186993
27917,3011.62718253108
27918,2669.311294539687
27919,2417.1310091539285
27920,2223.819975622895
27921,2465.6558596526083
27922,2454.528789452274
27923,2300.1254553983863
27924,3402.764365342046
27925,2121.673287950286
27926,2909.335257898554
27927,2156.447186766107
27928,2224.873899228356
27929,2189.973145616434
27930,2139.100520878698
27931,2480.6899699461437
27932,4112.025521471395
27933,3742.06068945887
27934,2604.1539296961396
27935,4570.392698329203
27936,2733.0916665582467
27937,2743.723564198104
27938,2185.673334284005
27939,2671.475620687943
27940,2073.3569887904355
27941,2507.685837138783
27942,2404.3063144957105
27943,2495.003532190374
27944,2605.410362798135
27945,2417.2193343212616
27946,2481.959875771831
27947,2143.3335094915224
27948,2475.452575732543
27949,3118.5660244312785
27950,2485.3067243176583
27951,2261.705350595459
27952,2602.3405794962064
27953,2479.2848579906467
27954,2086.551124690961
27955,2108.7179853793477
27956,2637.124303600034
27957,2650.945495373888
27958,3003.7030333482844
27959,1825.0981922681608
27960,2212.5178167800127
27961,2626.908552231462
27962,2251.411846616608
27963,2577.772148500695
27964,3324.6020691834256
27965,3416.8077382345596
27966,2411.412888525607
27967,2520.7488657940785
27968,1750.8990574958798
27969,2270.9845594741273
27970,2592.7213763607497
27971,2340.3988142939347
27972,2149.4325310127497
27973,2204.6138434934237
27974,3658.2486241468823
27975,2461.0571608679065
27976,2596.769142182292
27977,2989.624475871051
27978,1993.1715908806977
27979,2068.5307032773676
27980,2453.9867045982655
27981,2564.8121541312676
27982,1652.0837981142258
27983,2533.738051805058
27984,2159.9340077774677
27985,2859.1957005235517
27986,2678.4524123686842
27987,2515.6367477732447
27988,2641.1550042625536
27989,2096.755386659369
27990,2267.01184493816
27991,2738.596392800815
27992,2197.6136164319983
27993,2724.6719259415695
27994,4152.483186696074
27995,2818.452793460576
27996,2426.9834059622694
27997,2534.8179800958096
27998,1789.2908014956697
27999,2953.6670369235508
28000,2293.5013141588524
28001,2534.4208877849633
28002,2713.6640249114744
28003,1966.2777414491597
28004,3165.474544219128
28005,2296.5288136999197
28006,2366.228017473407
28007,3051.3968647276574
28008,2795.934826093996
28009,2109.3591662834865
28010,3116.842521557958
28011,2587.2227536843575
28012,3595.9577867169073
28013,2969.795354035421
28014,3532.1365318379285
28015,2024.8866136476927
28016,1841.1649762235782
28017,2220.501149623091
28018,1976.306485385092
28019,2724.0053714165288
28020,2346.0821984282597
28021,3236.710009893107
28022,2199.1336194439555
28023,2090.421055435136
28024,2159.9850511469667
28025,2144.1020399658837
28026,2294.9984115279194
28027,1841.1649762235782
28028,1940.6441645292816
28029,3285.339610627222
28030,3080.9629661210565
28031,3168.769512248667
28032,3169.278541260208
28033,2627.8916812836915
28034,1910.4517513414253
28035,4106.87870723533
28036,2654.1239883670287
28037,3773.867714371577
28038,2511.866807164546
28039,2888.2342987034963
28040,2373.4071574257655
28041,2232.5745969424615
28042,2381.736807206181
28043,3082.784293726116
28044,2169.7278962610276
28045,2544.6889250629506
28046,2255.5152992441836
28047,2592.942914023937
28048,2356.099225864368
28049,2265.1595686457395
28050,2897.503128882753
28051,3352.899775184596
28052,1987.3091533497472
28053,4005.3792197917132
28054,2292.555679115184
28055,2245.06496671246
28056,2712.8845213977547
28057,2599.495302210232
28058,3042.3267709559263
28059,2442.709022900426
28060,2665.5045869130367
28061,2573.1066377307816
28062,2704.238653930265
28063,2247.9527544093635
28064,2049.4817278108912
28065,2642.9763369742823
28066,3426.8132146805046
28067,2133.1513934520935
28068,2893.257705917745
28069,2676.717298326938
28070,2933.746824629915
28071,2646.8872629234174
28072,2589.6087182839874
28073,2562.15146613107
28074,2847.374433692229
28075,2614.4770204454035
28076,3288.6985307381838
28077,1639.979979198176
28078,2924.0546567569254
28079,2923.018663224503
28080,3059.863563156786
28081,2433.2080707124533
28082,3777.347275972635
28083,2175.5607399179917
28084,2330.084028573876
28085,3167.072445459118
28086,2903.2087805350147
28087,2699.6475674778094
28088,2355.573404645389
28089,2080.415219379974
28090,2891.887729924746
28091,2225.1104576281823
28092,1935.5505469388395
28093,2445.3939898295275
28094,2987.1803061984265
28095,3325.7327429569414
28096,1885.645709740836
28097,2720.4425622825897
28098,2864.4890970133556
28099,2135.0206666840595
28100,2121.321023092653
28101,2855.488560718859
28102,2950.377642671402
28103,2978.389697991511
28104,2473.9392028870716
28105,2295.012030014813
28106,2372.4119687540674
28107,1996.4224041348198
28108,2435.159957591439
28109,2503.3842078739526
28110,3132.210826301778
28111,3278.776365482521
28112,2804.221811703211
28113,2376.2015086988004
28114,2121.5886360264385
28115,2579.879554696995
28116,1908.1693160169398
28117,2492.729991096859
28118,2494.8206080013524
28119,2408.2846304920286
28120,2253.5781674661976
28121,2881.9459265670043
28122,2514.6111090365075
28123,2470.0231134809464
28124,2499.4309868644514
28125,2338.220672932057
28126,2666.1016816669453
28127,3213.237124155494
28128,2089.7864978602424
28129,3259.8867438040606
28130,2847.9916368227855
28131,3006.4743332633284
28132,2458.9684125748636
28133,2621.6105493141863
28134,2224.111464848067
28135,3762.9460142224725
28136,1887.1016274342014
28137,2755.6481412788917
28138,2148.4498877503966
28139,2185.522895700109
28140,3798.3599616105525
28141,3793.038654934079
28142,2316.3516965237523
28143,3233.7800889304835
28144,3154.4254802831283
28145,2445.794803519727
28146,3278.8601904257866
28147,3527.6865619146292
28148,2654.7145786821584
28149,2411.4683921770247
28150,2640.141877510036
28151,3248.283255791581
28152,2842.369374411948
28153,2797.547151047329
28154,2440.9391142072823
28155,3572.799986164442
28156,2181.4759871990827
28157,2434.472616969808
28158,1997.269352128813
28159,3378.468216024493
28160,2667.1141248243225
28161,2250.581181754434
28162,2986.879553886672
28163,1941.3275872381141
28164,2476.623756100899
28165,2323.3570087631047
28166,2763.294340429962
28167,2080.791463218965
28168,2198.868702543382
28169,1934.0256276741832
28170,3793.029404798597
28171,1957.4170226317733
28172,2435.700397311166
28173,2557.1126719199874
28174,2250.002957878609
28175,2636.167560708219
28176,2107.8956110160407
28177,2682.489202256165
28178,3356.492930255109
28179,2187.9428842528446
28180,2377.1434853300816
28181,2196.2764704866768
28182,2136.777467562772
28183,2458.3240743037345
28184,2752.7658384728065
28185,2117.645823505226
28186,2539.816126297482
28187,2420.7723835408715
28188,2171.1094142940424
28189,2645.0716632940034
28190,2443.3691476739623
28191,2335.085979916703
28192,3016.3920065617026
28193,2540.5889526704573
28194,2174.5231266182304
28195,2292.4079892636673
28196,2684.4665833214076
28197,3162.725439715001
28198,2624.7817163196314
28199,2181.874434880077
28200,2378.8053731299206
28201,3096.503614233936
28202,1983.6866136430517
28203,2989.416689921928
28204,1704.095015423897
28205,2020.5021998341504
28206,2417.4113809874625
28207,2478.189192763684
28208,2563.652139927968
28209,2217.086726216601
28210,3157.1326060393203
28211,3461.4926768796377
28212,2670.3817070093637
28213,3875.4477235037375
28214,1949.7309445970213
28215,2275.521579021499
28216,2729.587286671911
28217,2457.596516821619
28218,2830.1221032938074
28219,2623.5433083520948
28220,2376.3316890426113
28221,2608.3008687907914
28222,2182.974352186592
28223,2130.9821419574055
28224,2857.1145045623857
28225,2018.1025230400555
28226,2153.415643005019
28227,2519.773698847387
28228,2602.0476571190766
28229,3547.573472411632
28230,2172.3543284597854
28231,2111.1963344910846
28232,2332.4920750773344
28233,2602.8148911415324
28234,2370.393862015114
28235,2272.642530922272
28236,2188.702282253053
28237,2421.7258051599115
28238,1578.386875853801
28239,2312.0216498602567
28240,2129.5941061538165
28241,2621.934774973472
28242,2867.4125953726225
28243,2127.448166393305
28244,2464.0136582985033
28245,2527.9277796335305
28246,2985.8729597833617
28247,3536.202666194138
28248,2215.8681538405654
28249,2861.130606106112
28250,3378.1800041522247
28251,2449.680113333068
28252,2464.8251346626503
28253,2001.4114866053517
28254,2287.669352546208
28255,2928.548871358304
28256,2422.810033727861
28257,4289.787327589511
28258,2056.817657859125
28259,1894.8841157295608
28260,2196.9804760749607
28261,2826.006212757692
28262,2305.8242927952133
28263,2823.1544847653313
28264,2419.207004296654
28265,2132.4218698529903
28266,2597.8859540305966
28267,3074.1710014369846
28268,2369.76599423562
28269,3070.6216057509864
28270,2560.9265451124616
28271,2641.298438525574
28272,2789.754830235946
28273,2161.6287752423887
28274,3427.3090478271683
28275,2608.9450250428617
28276,3120.134242441858
28277,3084.382872345871
28278,2222.1278136780456
28279,2744.922872555044
28280,2643.7454642311004
28281,2441.528359182513
28282,3324.6072949569207
28283,2138.472726873586
28284,1894.7549805011295
28285,2801.0105917623787
28286,1913.5104339248549
28287,2385.6388229863915
28288,1897.3427726894904
28289,2554.814190909722
28290,1522.709985468739
28291,1907.0550953729
28292,2458.1224016539336
28293,3088.6362480455737
28294,2630.1451288608573
28295,2291.11323760706
28296,3029.7492397493825
28297,2523.850614189845
28298,3709.421931517467
28299,2475.4863990311296
28300,4589.175998071537
28301,3038.975554126623
28302,2515.909694161028
28303,1981.9251858796842
28304,3266.6152028357455
28305,2334.3765640658976
28306,2816.20336150837
28307,2301.399113155
28308,2074.8191597475734
28309,3544.1596593217255
28310,3128.195107378385
28311,2116.102987751647
28312,2754.019580380973
28313,3279.3162406095234
28314,2151.187319961412
28315,2343.2775941225173
28316,3101.44904278622
28317,3003.7750402251663
28318,3401.462603493469
28319,2921.344163622704
28320,2480.9026595871837
28321,2607.683249880564
28322,2573.5570562481325
28323,2785.327904986937
28324,1914.4659905163421
28325,2612.2974619456463
28326,2640.320471578427
28327,2916.4794663594275
28328,3301.991666911519
28329,2891.891635866111
28330,2219.397920518908
28331,2063.4945423079607
28332,2563.7109246675072
28333,1723.37461742409
28334,2812.3240804835723
28335,3359.7188546602747
28336,2973.5013690701517
28337,2705.9237022163543
28338,2382.008461740765
28339,2639.5581906701664
28340,2184.2475689542093
28341,2494.49922355952
28342,2554.2400523541173
28343,2090.367511586359
28344,2500.6487852616665
28345,2573.249943299141
28346,3665.860425345528
28347,1974.917118114358
28348,2614.623892307458
28349,2184.9515171126795
28350,3323.5235089962653
28351,2225.4103746437477
28352,2447.704485704944
28353,2349.249535775912
28354,2129.0194986048614
28355,2693.991385334145
28356,3165.8390377366213
28357,2113.3984363231552
28358,3106.674346771928
28359,3039.0849759516423
28360,2972.881452629472
28361,2204.3005630203475
28362,2344.9849184393674
28363,1960.2904216306208
28364,2445.1000462594448
28365,2616.798774714749
28366,2400.6508240670373
28367,2770.3801289897087
28368,2764.7351648943463
28369,2344.9957303137953
28370,1841.4276572119047
28371,4219.889140232439
28372,2339.897340239934
28373,3908.644353546651
28374,2564.966408250393
28375,2807.1934212293545
28376,2490.7627993271713
28377,2041.5081903300352
28378,3080.3324665434307
28379,2422.7891821652374
28380,2249.5021535925825
28381,2930.992323563969
28382,2195.9894032683833
28383,2234.166180939918
28384,2958.4786370222923
28385,2921.6457138409487
28386,2624.5670647963393
28387,3339.3080255510977
28388,2133.987594093171
28389,3493.380332593554
28390,1919.1298010341832
28391,2368.4395474951693
28392,2561.7831512604416
28393,2088.4219090322767
28394,2360.448462586594
28395,3389.0002030157893
28396,2211.6900686886174
28397,2179.6402918585954
28398,2663.565936046676
28399,2211.5282398509203
28400,2037.5526294468461
28401,3058.5936349558297
28402,2082.5038667091803
28403,4569.245035755689
28404,2453.0515029196645
28405,2087.721512106824
28406,2135.204654159842
28407,3474.285995229009
28408,2251.1178489476033
28409,2243.0638825162496
28410,2591.911985959229
28411,2376.7961125142947
28412,4389.72553831108
28413,1770.2403717954992
28414,2206.8693898107567
28415,2674.947302658891
28416,2397.9835104255235
28417,2513.960130919467
28418,2757.81490347189
28419,2061.67734731112
28420,2406.5650319842916
28421,2373.3867188331287
28422,2587.070970249874
28423,2257.7981018233513
28424,2411.4844593879043
28425,2445.162973948651
28426,2770.0723899591535
28427,3584.2295932741554
28428,1974.2476393719526
28429,2824.000699564758
28430,1796.9537510334942
28431,2721.65014412421
28432,2371.199148195712
28433,3849.7656558439185
28434,2185.2736124506
28435,3478.2187191771654
28436,2179.7465972114996
28437,2348.8007237854167
28438,2614.848051439034
28439,2103.626767647216
28440,4114.932040418168
28441,2255.5519093806047
28442,1956.20295389934
28443,1896.2766867551327
28444,3220.396370464649
28445,2280.108887284164
28446,1956.117325294526
28447,3196.894785757831
28448,1869.3418870529895
28449,1854.7826056350877
28450,2294.6934648920733
28451,3428.7143764325506
28452,1894.5897647478757
28453,2595.501221148388
28454,2327.059777756962
28455,2472.910715810176
28456,2382.0793453409437
28457,2083.052951935849
28458,1896.4440281147067
28459,2336.146572179123
28460,1979.9168649328958
28461,2512.180648289375
28462,2804.526415537235
28463,2589.633778717787
28464,2286.3074050128134
28465,2682.6237762143137
28466,2080.818742994885
28467,3953.853676501165
28468,2297.4737311119525
28469,2316.929593767832
28470,2281.1847769527394
28471,3638.3529345610195
28472,2110.530667136113
28473,2183.228537659293
28474,2169.1068215157366
28475,2229.079031160797
28476,2829.487748894584
28477,2397.8360049736702
28478,2635.5116723548867
28479,2504.6633210231157
28480,1916.7894466842326
28481,2451.640857906737
28482,2123.38452498823
28483,3222.343216020564
28484,3669.1510938228903
28485,2354.234850895952
28486,2118.408451887525
28487,2771.2197099562945
28488,2441.019271795351
28489,2456.719803436629
28490,2202.553209614909
28491,2562.3417389973265
28492,2568.1950032043233
28493,2241.4667180329425
28494,3131.0131881656134
28495,3176.130753803812
28496,1825.2992688396791
28497,3223.960497077761
28498,1807.8707177439564
28499,3009.674420092253
28500,2176.38706170081
28501,2290.7776611077934
28502,1699.8878445929754
28503,2873.411842746233
28504,1659.3308783051525
28505,1987.6453506169862
28506,3269.0756513525384
28507,2064.6978174687088
28508,2940.0376814240917
28509,2538.3440111623677
28510,2493.9840588331954
28511,1959.7314216041918
28512,3326.206134936548
28513,2208.3523181783758
28514,2002.9466761204458
28515,3311.6005749540363
28516,2910.8333400477377
28517,2788.375631128196
28518,3298.5286750734413
28519,2713.214180495931
28520,2270.297239662741
28521,3040.177840445609
28522,2022.6780873916177
28523,2765.5818170835746
28524,2667.4218493621
28525,2683.639445308412
28526,1962.9328141799776
28527,2767.0556551882173
28528,3060.6990941560725
28529,2348.1839617001315
28530,2462.657966761313
28531,3803.5572656081367
28532,1907.5368329818941
28533,2414.8040870833465
28534,3058.5558664198056
28535,2718.0488824880176
28536,2931.7758903717117
28537,2800.2954550969353
28538,2111.974655378012
28539,3379.505897959296
28540,2418.452137560851
28541,3094.855933057489
28542,2553.914074653337
28543,2723.881065056209
28544,2252.5566701269236
28545,2779.394707122636
28546,2224.2417635074653
28547,2286.9478230172435
28548,3049.435570942109
28549,1992.6461288866174
28550,3066.949455281472
28551,3598.252318170017
28552,3091.2988016654417
28553,3316.125627204514
28554,2589.258382889908
28555,3107.936439401155
28556,2835.3598482412735
28557,3077.6183281072545
28558,3266.3006720116036
28559,2334.2821245078976
28560,3219.042027176782
28561,2508.0567872384854
28562,2272.8277720068363
28563,1992.0399140237735
28564,2183.2974384822746
28565,2634.0747509986904
28566,2112.9996841433913
28567,2546.989178902557
28568,2591.636224590945
28569,2666.384925203532
28570,1985.6585025900517
28571,2491.648572526552
28572,2128.2562699129644
28573,2263.6011168663663
28574,2290.7402042006183
28575,1704.910657339152
28576,2241.3800528280017
28577,2119.025733896032
28578,2755.0532232679625
28579,2249.875312962068
28580,2476.9008194179924
28581,2328.983161539458
28582,2864.663911853976
28583,2312.734455235918
28584,3459.3002539357067
28585,3311.051610864688
28586,2461.1147560216014
28587,2327.3765858256716
28588,1664.572808659952
28589,2832.192798976955
28590,3092.249176997512
28591,2117.5301189809375
28592,2957.4077793970437
28593,2386.587793194148
28594,2873.080265241045
28595,1968.7906957348105
28596,3231.70459717334
28597,2172.1814571553746
28598,3506.955316920445
28599,3270.6806596174415
28600,1955.8283388181528
28601,4039.910273672448
28602,2295.6103314117654
28603,2311.101505684537
28604,2933.917832340916
28605,2741.6199665110175
28606,2365.464671038362
28607,2484.329062004423
28608,2086.6721573269933
28609,2399.549167728731
28610,2568.0730845541198
28611,1883.188078959488
28612,2973.467984575739
28613,2116.877226390781
28614,2157.448471074762
28615,2256.396425306125
28616,2652.598757303889
28617,2443.061740408346
28618,2141.947205525872
28619,2462.2199409353284
28620,2042.3665699140392
28621,2085.5974017099616
28622,2698.132966159774
28623,2487.0866325684756
28624,2845.5432909448255
28625,2493.709748245832
28626,1917.235247118928
28627,2475.754431336221
28628,2478.6494627584834
28629,2319.0502905689254
28630,2230.3838310826336
28631,2688.012879536832
28632,2676.466853197655
28633,1969.3625805836384
28634,3136.225019916362
28635,2279.0941620451304
28636,2331.446323719469
28637,2232.4929924616517
28638,2327.887037565635
28639,2051.1299280582093
28640,2243.895425474289
28641,2457.1155339277266
28642,2541.107643099823
28643,2867.7763994011457
28644,2851.3420716481733
28645,3139.318316563684
28646,3925.58582215292
28647,2777.768091722407
28648,3120.2078033883517
28649,3895.606000367513
28650,1552.434456137844
28651,2506.892199535654
28652,2324.6474383893224
28653,3590.0854820155973
28654,2283.2431794157756
28655,2770.0246199925004
28656,2966.037258052449
28657,2574.927289527591
28658,2810.5056710736017
28659,2843.706489503631
28660,2277.605599039015
28661,3715.189812334632
28662,2270.3105983245464
28663,2079.429940210689
28664,2703.2457858808293
28665,2585.679602087281
28666,2619.633886165784
28667,2266.546269829394
28668,2320.0402091601964
28669,2184.79883499106
28670,2636.1115760910307
28671,2226.5056749335718
28672,2439.6031579544547
28673,2286.207162434079
28674,2221.041333486848
28675,2710.3656745188646
28676,3032.63471844602
28677,2486.2068344396357
28678,3080.604119898282
28679,3390.258982461277
28680,2147.7023067550635
28681,2329.2787215165285
28682,1932.3541014811167
28683,2067.787890578109
28684,2280.3082554031585
28685,2706.4730929612724
28686,2171.7691175013997
28687,3613.5374555589738
28688,1974.182057567606
28689,2261.862239556558
28690,3088.9625943171777
28691,2272.0768952612884
28692,2776.18124684963
28693,3124.1043021285927
28694,2591.4433781357975
28695,2452.3805705831974
28696,1915.6578603688981
28697,3011.3950450087077
28698,2668.242959344052
28699,3222.513675603259
28700,2200.0758748856706
28701,1943.322146998045
28702,2795.7808774068544
28703,3846.8239629767722
28704,2129.6269345303767
28705,2237.3128595178937
28706,3159.838576850145
28707,2054.0560415331493
28708,2580.396861516845
28709,2499.2817718213973
28710,2377.909350169968
28711,2289.74473331996
28712,3493.901898345247
28713,2198.7535717096853
28714,3753.926053245566
28715,2582.2393590086226
28716,2493.941576199494
28717,2164.5079866101933
28718,2121.943917608996
28719,2075.060315924932
28720,1826.0354143990526
28721,2030.5105314533735
28722,2823.7260965675296
28723,2005.6290804257
28724,3329.604692381001
28725,2344.653140155914
28726,2534.2220460354647
28727,1912.9930432592314
28728,2456.8090774824577
28729,2829.2462014626403
28730,2933.0241552959637
28731,2170.7800761998205
28732,2702.86822879617
28733,2067.6240870430784
28734,2348.1966293595524
28735,1980.243132733502
28736,2168.0289163518596
28737,2473.963100245227
28738,3343.6998800845267
28739,2219.289537687223
28740,2565.7767434160096
28741,2660.915926225753
28742,2225.924065850432
28743,2479.270993005738
28744,2190.581655491882
28745,2491.8435593851636
28746,2541.4451616749793
28747,2257.6933851112613
28748,2339.7493263472593
28749,3480.67189332182
28750,3568.5899670097583
28751,2446.465217875475
28752,2772.788229113127
28753,3796.8464041857287
28754,3879.5179209037988
28755,2160.086720568649
28756,2137.629395322372
28757,3265.630560564192
28758,3275.198514078482
28759,2540.5126398715743
28760,2977.3639355671367
28761,2126.729012925718
28762,3572.9585681589306
28763,2515.829824610337
28764,2429.048558125645
28765,2474.3964476644956
28766,3963.1103636034895
28767,1951.0901883884255
28768,2278.734671510044
28769,2130.429282598724
28770,2492.8792789897357
28771,2774.7922287717365
28772,2640.5116639108546
28773,3270.5552835315693
28774,2181.140141333853
28775,2196.5230233698453
28776,2056.0775617293516
28777,2777.1100491733614
28778,2359.549990018133
28779,3636.913988558631
28780,2073.5840136931793
28781,2708.635639536021
28782,2611.7141473017164
28783,2923.119063490031
28784,2493.3691660786535
28785,2479.5391808540176
28786,2199.106364661976
28787,2866.706108957592
28788,2838.724453755267
28789,2811.259309913524
28790,2650.1675009625105
28791,1958.761894017815
28792,2677.455078246054
28793,2790.4357999004465
28794,3183.3089938269895
28795,2222.599287993082
28796,3666.447649497726
28797,2147.3637728430285
28798,2724.2565308387348
28799,2723.781299715665
28800,2106.8391977735523
28801,2462.048355378418
28802,2261.932800313076
28803,2961.663797105759
28804,2205.107862038589
28805,1870.7393359369382
28806,2444.65732930953
28807,2099.2353373618325
28808,2258.5993789952754
28809,3181.979193379453
28810,2134.7155127873316
28811,3152.744536221572
28812,1807.5632124208096
28813,2907.52338691749
28814,2133.681309461096
28815,3361.8542538384218
28816,2306.8787976484655
28817,2340.3949989326693
28818,2376.204260696641
28819,2729.5925514343735
28820,3639.6732880079235
28821,2890.377004853407
28822,2258.4692522514442
28823,2098.747742655024
28824,3183.9840500752125
28825,2147.148648176052
28826,2939.4457569911765
28827,2996.8454527328986
28828,2111.594832664836
28829,2110.2820524914696
28830,2491.0054162956567
28831,1856.7690225013096
28832,3270.859076676622
28833,4277.493453704433
28834,2296.126034054308
28835,3571.9803321383124
28836,2302.346031210152
28837,2978.9522721980193
28838,2283.8132189962785
28839,2768.6857653679035
28840,3172.856045215005
28841,2572.9970117251105
28842,2186.287740954005
28843,2345.295914937624
28844,3284.159738767123
28845,2687.886831318335
28846,2576.9020153088622
28847,2057.7126395709315
28848,2390.93913525369
28849,2774.8649016293098
28850,1609.1214128899592
28851,2624.8009917471413
28852,1730.2555651162513
28853,2062.6299827992125
28854,2723.153836608307
28855,2091.4458681892993
28856,2148.502175441172
28857,2686.0303741966363
28858,2414.8184804889734
28859,2202.853062836077
28860,2475.5125971951948
28861,1957.9084167713395
28862,3322.5206221205844
28863,1895.3945282353866
28864,2613.810508568533
28865,2111.3913833930246
28866,2196.421410349688
28867,1840.8270559163022
28868,1987.174800135961
28869,2214.2908379569835
28870,2003.07586342474
28871,3346.657955906642
28872,1860.2036748211822
28873,2274.5503853037203
28874,2515.4764925583554
28875,2269.3067471178315
28876,2133.325620990552
28877,2751.820078209994
28878,2082.9404367794064
28879,2210.377327811767
28880,3410.5334013536503
28881,1967.7716006040969
28882,2858.953680528321
28883,2255.921053265338
28884,1859.1754138136744
28885,2596.823329448929
28886,2233.3084899266532
28887,3090.74067680027
28888,3158.2604576710155
28889,2647.351447268142
28890,3182.8315164466376
28891,2158.6342862330903
28892,2413.314616357432
28893,3679.147806027502
28894,2165.2632941734873
28895,3202.16747429111
28896,2338.206763087887
28897,1998.1301921444806
28898,2488.0944876292924
28899,2124.7539432527424
28900,2374.79521347124
28901,2621.601490656716
28902,4445.053038247953
28903,2323.3505742575
28904,2685.8561645926547
28905,2747.852650406807
28906,3093.8742769569444
28907,2076.5429970797004
28908,2820.718281719383
28909,3129.897688187113
28910,3098.331426737249
28911,3168.6369188316767
28912,3021.2857832437685
28913,3643.8233416686217
28914,2083.5246825629893
28915,3017.0566109935107
28916,3032.054379939121
28917,2715.0331782432586
28918,1917.0156822293022
28919,1939.508617257528
28920,3475.718555278413
28921,2072.3684805104403
28922,1989.2246695007236
28923,2177.985520985004
28924,2762.2882737075133
28925,3026.2718469383344
28926,2017.7647203946688
28927,2797.0596564573034
28928,3298.328662556027
28929,3667.8201868189344
28930,2445.692291604525
28931,2180.3626248290057
28932,3026.80962012719
28933,2831.729408786752
28934,3769.730115957352
28935,2173.445604049703
28936,2278.5936200565957
28937,1416.1580275634408
28938,2688.351779827429
28939,3215.176063616621
28940,3052.6000379983734
28941,2173.6880452801443
28942,2743.23441578424
28943,2848.4423757892996
28944,1966.6321068249677
28945,2346.665033658059
28946,3796.2688071743614
28947,2122.1049218650664
28948,2176.621825755409
28949,2497.962777889135
28950,1858.0553611781254
28951,3717.542534763191
28952,2034.594040905809
28953,1925.2182949587664
28954,2092.2792286784907
28955,2733.9639415172805
28956,2230.9944128273632
28957,2219.7205745734473
28958,2163.3074368580797
28959,2630.414394881237
28960,2255.544371310846
28961,3446.1573995092763
28962,2584.9155296199383
28963,1884.2631764329585
28964,2696.325869424867
28965,2989.364617023727
28966,2241.4738204824775
28967,2312.2480051657535
28968,3803.7228577615315
28969,3666.4655323413517
28970,1879.9997464050878
28971,2288.096043115146
28972,2663.502923901898
28973,2466.8550556415535
28974,2902.1432493581697
28975,2940.779610202031
28976,3381.2057532558715
28977,3106.0745593385427
28978,2322.3781391346092
28979,1981.6715265257628
28980,2702.582109422109
28981,1919.4600190584724
28982,2116.8412074226444
28983,2846.436745711062
28984,3430.3271007556095
28985,2466.485658008407
28986,2519.8620500159805
28987,1787.3866630349878
28988,3226.3569104270787
28989,2230.8699258142924
28990,2779.9778859980092
28991,2336.8929399238305
28992,2456.977231162714
28993,2908.83203680706
28994,3007.3062385494277
28995,2622.3564666927064
28996,2891.3692218699043
28997,3277.0092885824415
28998,2392.7237709081314
28999,2696.6589132243
29000,1997.4849083742602
29001,3596.657411026861
29002,3038.5129137980884
29003,2320.055262219327
29004,2663.0592535982514
29005,2181.831344552076
29006,2526.7545652685185
29007,2031.3945040765393
29008,2130.776936547556
29009,3805.855911451118
29010,2268.1601568375254
29011,2085.0242063776222
29012,2929.1445098932895
29013,1961.406368809955
29014,3296.9050713877614
29015,4085.349241828081
29016,2744.3564452839823
29017,1905.6390239974119
29018,2268.4866648742354
29019,2217.319630952933
29020,2025.0807004994701
29021,2257.8821516187368
29022,2287.446637759129
29023,2245.9148351294357
29024,2651.1423528180735
29025,2279.1087058294247
29026,2352.2876209146298
29027,2494.1879746165414
29028,1943.5232116113611
29029,2794.204858639807
29030,2337.298566999514
29031,2191.781405601148
29032,2803.8799278851193
29033,3004.194562446167
29034,2652.6195843641963
29035,3363.0723296925516
29036,2443.0426532047527
29037,3276.282620852072
29038,2712.235562300426
29039,3532.620754196256
29040,3456.255003111587
29041,2309.0303548007864
29042,2327.867151893892
29043,2383.8325439592527
29044,2120.683944337471
29045,2194.896246818045
29046,2834.2565639650375
29047,1986.324490739531
29048,1978.615099611227
29049,2936.049961751006
29050,2145.1179711198256
29051,2719.7519481439513
29052,2619.8138220993133
29053,1881.6041610771986
29054,2481.419353276524
29055,2480.5676168933137
29056,2524.358738029365
29057,2404.7284226496986
29058,1864.720582023565
29059,2221.395509363573
29060,2256.5404107551726
29061,2724.868253218535
29062,1781.319095806021
29063,2087.603185558763
29064,3348.6656547674984
29065,3223.2764841724374
29066,2146.3620010567283
29067,2385.4267500307055
29068,2025.2774850120006
29069,2111.397062135483
29070,2382.0366377311784
29071,2737.886655964264
29072,2673.5994880734115
29073,2526.025384602988
29074,2013.3741062397298
29075,3256.850722741213
29076,3153.000958472643
29077,2343.3997532164576
29078,3281.8674505572835
29079,2345.1461132783525
29080,2896.792250305096
29081,1907.220482263976
29082,2768.686450951861
29083,2113.722336143182
29084,2086.8240818178383
29085,2114.7877076085792
29086,2076.247687271884
29087,2448.346026852661
29088,2323.252831997005
29089,3416.771979451045
29090,2359.007172798682
29091,3131.7196785656633
29092,3634.7170654024912
29093,2839.825957808788
29094,2757.995102671489
29095,2199.2100344221462
29096,3581.441780577595
29097,2659.201797136454
29098,3396.081504136863
29099,2683.4290657473953
29100,2145.6582527233536
29101,3354.676355683462
29102,2084.890281546505
29103,2538.979530162391
29104,2207.6889933074613
29105,4730.01987936793
29106,2558.318121604695
29107,2072.1883519122257
29108,2653.8541081044777
29109,3309.6529882781
29110,2449.3696636897057
29111,2531.8497581985275
29112,3526.7253500424995
29113,2648.057910684809
29114,3618.5898206679904
29115,2388.435690680036
29116,2135.511492330607
29117,3714.084138701181
29118,1785.8504729778767
29119,2855.923199011821
29120,2672.016016221198
29121,2778.4986187004115
29122,2719.766642282208
29123,1902.7105239034195
29124,1879.8180341713942
29125,2475.2521414128164
29126,3122.7601441607057
29127,2627.1481789871946
29128,3310.5320710648293
29129,2964.460180937239
29130,3528.723740832119
29131,3097.5515572565855
29132,2301.451228505784
29133,2188.0863908348324
29134,4018.0200560517105
29135,2633.9059022283086
29136,2586.9843288612938
29137,2521.071366106816
29138,2155.736287411798
29139,3728.2965481425917
29140,1917.6279087005328
29141,3053.6194096172876
29142,3227.5898060698464
29143,2019.6618290197462
29144,3537.6115527030975
29145,2308.427330831929
29146,2304.7943883452745
29147,2398.649360863133
29148,2599.3665265095133
29149,2198.4283949622727
29150,3503.360857035048
29151,3704.7399311064914
29152,2388.80607701514
29153,2745.0276218155304
29154,2123.580720610862
29155,1973.3707296611176
29156,2812.939404594382
29157,2637.0886610266098
29158,2205.228275454462
29159,2437.8034462310284
29160,2412.5828463508096
29161,2749.693071232945
29162,2535.4057618216393
29163,2656.0882599817187
29164,2195.962608953784
29165,2182.461173027651
29166,1980.3260069691921
29167,1955.8283388181528
29168,1606.4453047375232
29169,2073.1022037223383
29170,2131.784250314676
29171,1937.9305100322858
29172,2574.3555023507665
29173,3030.096888027623
29174,2606.370157842206
29175,2251.174308809149
29176,2772.087938851773
29177,4338.363204956215
29178,2670.6485056947804
29179,2377.921197333851
29180,2620.5488899900956
29181,3550.0542539255503
29182,2565.391379015161
29183,1988.5591375270687
29184,2753.6782461062676
29185,2516.9504708997056
29186,2647.779533708708
29187,1986.2679302704912
29188,2507.7096259506748
29189,3092.123248921598
29190,2351.662136614062
29191,2238.418818116702
29192,2864.80638438156
29193,4169.580609902112
29194,3090.973661580043
29195,2251.144724564835
29196,2263.6279228509943
29197,1942.1813419084706
29198,2517.95651060249
29199,2905.90213382105
29200,1845.7708012304251
29201,2958.920173288495
29202,2513.3222617410884
29203,2472.4220657308188
29204,2910.962431327722
29205,2088.1196612711683
29206,2461.312889729539
29207,3725.769310836702
29208,1959.9691035019282
29209,2887.759569339167
29210,2053.5925708970362
29211,2230.808706670243
29212,2401.737007710277
29213,2501.2449464191623
29214,2077.757105650032
29215,2202.958993286903
29216,3203.216309989314
29217,2723.0306202802403
29218,2726.600709690487
29219,2739.254985669013
29220,2023.2425906253138
29221,2777.9687128776386
29222,2467.7560480970633
29223,2285.009260170076
29224,2522.5318625935815
29225,2190.015138547367
29226,2357.678374096192
29227,3534.414389248451
29228,2910.9142286648216
29229,2212.2451571868737
29230,2188.702282253053
29231,2275.9343082308174
29232,1835.3545909736947
29233,2325.1685753900433
29234,3177.1552658754736
29235,2441.8736841466084
29236,2452.7360298332796
29237,3292.3106449456095
29238,2962.4934398342475
29239,2836.022887433396
29240,2520.7344771959506
29241,1983.1200304888266
29242,2388.308813561013
29243,2019.545220356104
29244,2367.296782841213
29245,2589.3445748230943
29246,1885.3340252498351
29247,2359.4740753061487
29248,2357.9464607024083
29249,2380.7826313647247
29250,1987.4576606671294
29251,3243.2212116416076
29252,1856.4309178247413
29253,2015.4532279823609
29254,2494.186511902505
29255,2519.236390475746
29256,2573.3195078277154
29257,1925.5762173121539
29258,1908.978988578617
29259,2933.5998330903394
29260,2735.555922583034
29261,2324.398293522244
29262,2437.6466277347017
29263,3186.6330816287946
29264,2241.8242253791936
29265,3248.2996363222996
29266,2602.857907695341
29267,2608.617489479656
29268,2697.8307395611027
29269,2478.718458358465
29270,3707.6131495170985
29271,2568.5271460026975
29272,2182.2704328067207
29273,3781.8968097290626
29274,2055.8012735451866
29275,2726.8480576638603
29276,2665.5935280842186
29277,2624.308972800418
29278,2601.502710727056
29279,2413.038484769744
29280,2389.565342958491
29281,2346.6303138793883
29282,3639.6836889048127
29283,1935.913946144352
29284,2069.6029075369115
29285,3265.8236969764725
29286,2413.4480694417634
29287,2445.890773100074
29288,2674.8234037754455
29289,3450.6668063323104
29290,3275.4767481978815
29291,2822.450885761281
29292,2690.6998452249536
29293,2895.771184884494
29294,3060.577948697047
29295,2530.164837249429
29296,3241.197908277073
29297,3739.0892391538273
29298,2245.207344284829
29299,3223.321827614814
29300,2711.038535014574
29301,2045.7636832855264
29302,2339.2772554408803
29303,3056.890318687965
29304,2648.728684810697
29305,4830.579731884047
29306,2892.6720385426934
29307,3241.8825539524023
29308,1840.3064686413
29309,3624.1331670537893
29310,2739.14127483485
29311,2860.9316305436687
29312,2586.415174708097
29313,1973.0912244893834
29314,2669.67391924022
29315,2318.3906494796997
29316,2489.117708021149
29317,2449.9029887556176
29318,3689.1808947222553
29319,2292.6407249064737
29320,3051.7618093305996
29321,2985.52824008481
29322,2448.0967725116116
29323,1934.1519576410706
29324,2394.4323704522744
29325,3526.227086838726
29326,2328.4575135264786
29327,3826.9674988216125
29328,1921.649861166287
29329,3302.4597787270877
29330,2100.0447799457493
29331,2300.8940607090135
29332,2063.303890525116
29333,2245.0961279096773
29334,2439.417507972147
29335,2593.917797425513
29336,2542.909172852659
29337,3234.4306903809793
29338,2891.448570248189
29339,2573.980376552214
29340,2531.265606076843
29341,2983.0303984441166
29342,2901.754172361294
29343,2401.570553544932
29344,2986.671900505523
29345,2631.004725095496
29346,2741.4006910134954
29347,2547.480159084361
29348,3089.30273300218
29349,1817.6116721773492
29350,1997.7958246671035
29351,3101.542635243859
29352,1858.7817210357643
29353,3211.509122973968
29354,2450.7975735225527
29355,2079.334286951972
29356,3106.6827336418983
29357,2110.787731984098
29358,2902.652279391794
29359,2340.928802080477
29360,2985.185713425705
29361,2764.7611936832636
29362,2245.718292088249
29363,3085.1445670665357
29364,3739.295159935038
29365,3053.8786492319196
29366,2134.696370294645
29367,3149.309946808932
29368,1834.8848618082616
29369,3131.589480310353
29370,2039.946850110311
29371,2440.23677024858
29372,3202.2177604556136
29373,3044.110683073881
29374,3005.864588191178
29375,1849.939868163969
29376,2897.656360818688
29377,3865.343682195862
29378,2292.1637761406673
29379,2064.5196033076663
29380,1904.2106529416928
29381,2480.037053168655
29382,2665.3191827489095
29383,3497.5605657503334
29384,2342.3674370714793
29385,1810.4335802134833
29386,3255.573422349349
29387,1685.5164469978913
29388,2711.0624416530486
29389,2138.305115309209
29390,2109.7018943532303
29391,2463.350771673538
29392,1791.0156549542698
29393,2105.7355405476446
29394,3726.0912330326537
29395,3125.2175207138316
29396,2264.4220090885183
29397,2437.8430771590884
29398,2487.044256150586
29399,2668.775156286093
29400,2788.288008703489
29401,2862.232282734135
29402,2040.326096978542
29403,3397.840047810949
29404,2450.494378037678
29405,2684.226566863417
29406,2631.4796383397365
29407,2179.9087545957027
29408,2277.3917064280386
29409,3485.19002916465
29410,2001.0531347339943
29411,3285.3672338842575
29412,2235.3033516208307
29413,2854.331735283299
29414,2823.6690640026627
29415,2972.562376033764
29416,2188.6193106599258
29417,2118.2188616676412
29418,2961.5189091067864
29419,2324.016872905042
29420,3321.1866896180436
29421,2671.483863032618
29422,3021.5072576716375
29423,2180.048528348072
29424,2485.740232273973
29425,3270.1894214880094
29426,2121.6378589861292
29427,2185.4263474784293
29428,2838.2029615000274
29429,1901.0190282790393
29430,2229.876371131767
29431,2757.035196150362
29432,2185.3493534383256
29433,1905.1402089669907
29434,2429.7029074399948
29435,1803.282924002466
29436,2789.5648085341372
29437,2413.4252147487914
29438,3187.2486880971746
29439,2286.1861396295362
29440,2918.4532208246146
29441,2794.0431956901
29442,3642.136268245566
29443,1989.598786700698
29444,3342.0950048641776
29445,3314.410192114371
29446,2261.3550584748036
29447,2591.611318929602
29448,1871.8695263116965
29449,1882.8466463255863
29450,2481.8004630851556
29451,2458.1788782532335
29452,2815.665305556962
29453,2799.726994478609
29454,2157.965748247041
29455,2770.928759012404
29456,1971.525392453811
29457,2059.590668245938
29458,2429.063499891549
29459,2024.1338229531295
29460,2033.8545327944266
29461,2452.3939747820345
29462,3536.1105310493103
29463,3267.3944637215304
29464,2532.4228297097466
29465,3320.1916155897443
29466,2835.979099319653
29467,3096.049028316775
29468,1884.4691862372908
29469,2484.7357792484318
29470,2252.7417395964617
29471,2978.881171154847
29472,2565.781210556086
29473,2322.37780572006
29474,3106.0304800265912
29475,1939.5774999784167
29476,2901.9672957611583
29477,2636.818221641688
29478,3283.4459276297384
29479,2340.8854219867635
29480,3041.3294977956148
29481,2563.359938053882
29482,2469.959630386072
29483,2423.521358420656
29484,2143.843359114304
29485,2476.20455043088
29486,2470.621354402136
29487,2472.365261454097
29488,1933.603719533998
29489,1965.0036641231018
29490,2109.346095480124
29491,2645.7650385566258
29492,2959.8961498852204
29493,2701.1017820675406
29494,2251.168749260695
29495,2212.7015007020964
29496,2057.406225440133
29497,2290.8370348476647
29498,2669.5727987290693
29499,2837.412925715946
29500,2607.9391479888554
29501,2062.8349407683145
29502,3319.6317869251557
29503,2148.706553769645
29504,2789.496290686581
29505,3290.4787938350023
29506,3750.242188433721
29507,2127.326599380847
29508,2495.928763555023
29509,1989.9569006104193
29510,3595.1914450592612
29511,3633.3391423994717
29512,3044.0931673886353
29513,2313.127075017862
29514,3350.213289265306
29515,2806.5158504815045
29516,2613.0582349813385
29517,3279.6554552684875
29518,3697.939045563808
29519,2902.4863030039705
29520,3685.115566299749
29521,2693.735054221939
29522,2930.3630828876726
29523,2263.2312345766313
29524,2090.1300725805545
29525,3135.415422767225
29526,2700.684003451389
29527,3478.2529280971953
29528,3618.9338083716684
29529,2975.9333060993613
29530,2789.463897473138
29531,2484.4456502713792
29532,2320.304830637465
29533,3304.950902448119
29534,2594.091991848084
29535,2206.8939941659028
29536,1902.5894115612568
29537,2743.958536783087
29538,3231.1518656152
29539,1998.5253164273843
29540,3115.9454202802926
29541,2563.0196173044433
29542,2186.59049975766
29543,1989.181856967941
29544,2264.257711585696
29545,2631.8987144555704
29546,2413.7960396979847
29547,2298.4269660665714
29548,3399.988986684685
29549,1959.5970709951969
29550,2557.1473148226046
29551,3264.118273554245
29552,2111.8659959273823
29553,2213.9850825034155
29554,2101.5636970405717
29555,2270.1981679650016
29556,2414.7363067486376
29557,2271.668071191184
29558,3149.2730818069717
29559,2657.988074075357
29560,2055.2024262395325
29561,2303.8191235407203
29562,2269.4299818951013
29563,3354.0423626694055
29564,1757.0268791655599
29565,2629.453233077462
29566,2824.587874280998
29567,2593.684939723758
29568,2871.1239684775883
29569,3186.6222900401344
29570,2898.607679318765
29571,1997.3891783186807
29572,2941.448604865176
29573,3080.6426350823826
29574,2126.2847939261715
29575,2030.5105314533735
29576,2097.786355616309
29577,3301.740351266961
29578,2763.351793227811
29579,2742.4435843176725
29580,2535.3477050086367
29581,2417.8161030987917
29582,2845.7706606115244
29583,3301.195092722421
29584,1798.4617102897755
29585,2144.7250639315926
29586,2458.1051030878552
29587,2638.9659378124675
29588,2111.8480724670035
29589,2397.031156522673
29590,2343.054246212343
29591,2267.203227653753
29592,3362.228480066563
29593,2868.0657808674086
29594,2325.074242301265
29595,3188.798690543291
29596,2363.325732225687
29597,2718.2761633759137
29598,1861.4453316093395
29599,2533.312207831539
29600,2086.221570378771
29601,3092.4907903276703
29602,2059.1473150817183
29603,2644.68594856986
29604,2353.241140562898
29605,3733.187882408704
29606,2071.823720314078
29607,2360.5030622770473
29608,2169.7276587187644
29609,3152.7580636029925
29610,3248.3248321521874
29611,2408.3022573802145
29612,2320.065624433119
29613,2877.3096757358717
29614,2523.829814491657
29615,2167.45860411162
29616,2424.396758772279
29617,2416.3974820587746
29618,2123.011165076866
29619,2113.6966479976604
29620,2305.842593825521
29621,2622.9868425664545
29622,2285.096522686541
29623,2373.8592572419357
29624,2156.488464040073
29625,2757.607469382864
29626,2417.7261600284473
29627,1960.6111395350677
29628,2642.0685696170394
29629,3473.0936451640614
29630,2700.3027128816802
29631,2797.9631058105256
29632,3095.2840092391693
29633,2231.8602948174484
29634,2226.5056749335718
29635,1965.1936383005727
29636,2455.0467527611945
29637,2843.876213024289
29638,2333.002768288232
29639,2316.4773567931525
29640,2881.829343271227
29641,2062.110937953462
29642,2706.90991463812
29643,2892.5956011777816
29644,1787.3240195748704
29645,2348.1175685118405
29646,3224.9064407421884
29647,2086.790372195498
29648,2598.320420409144
29649,3563.232160924793
29650,2516.932899652272
29651,2414.6898923001886
29652,2738.9061382008576
29653,2225.351217923947
29654,3639.4861006319106
29655,3224.7696203740206
29656,2681.3385958845165
29657,3078.7929744994663
29658,2452.5173445070122
29659,2714.819870181795
29660,2811.591127365539
29661,2213.9714238680644
29662,1909.7161777295569
29663,2383.2486844293867
29664,3597.0499988929296
29665,3132.550024417047
29666,1949.1483234073853
29667,1959.3822019744632
29668,2210.209295225558
29669,3562.8998106558024
29670,3095.307703298491
29671,2831.4007792623806
29672,3681.522697884603
29673,3378.023011643797
29674,4168.5164514460075
29675,2449.231088315062
29676,2563.1753060457577
29677,2193.9025563337404
29678,2721.3881803268937
29679,2291.8708464810375
29680,2161.473990182712
29681,3002.3780844698535
29682,2469.8337107782286
29683,2767.1861182429216
29684,2176.81930336966
29685,2309.392418680637
29686,2875.153647466613
29687,3423.3013917491667
29688,2547.0682561948997
29689,2206.8618014883345
29690,1841.7328394778594
29691,2996.2190149329917
29692,3322.059685310361
29693,3357.8027957220424
29694,2672.9589444363305
29695,2426.704624546706
29696,1963.3979465274674
29697,3114.0299150728006
29698,2652.542759475552
29699,2687.600944015149
29700,2118.2705096220106
29701,2019.3004221175079
29702,2370.665412361442
29703,2243.6511235117378
29704,3299.761779926036
29705,2857.5472847060964
29706,3170.8489782341194
29707,2166.1740486178833
29708,2440.2359663780016
29709,2226.2315000415792
29710,2870.4048278890155
29711,1976.003582364397
29712,3238.0828967263596
29713,2126.1178658015306
29714,2736.5308151541094
29715,1924.2342189388423
29716,2497.1246393623956
29717,2237.877913606979
29718,3585.3813544027876
29719,2159.6383198885865
29720,2734.0491482490042
29721,3114.5586782872015
29722,2827.126724866678
29723,2873.465958063952
29724,3569.124364003037
29725,2364.4651695392567
29726,3049.6321375509447
29727,2421.853916798827
29728,2609.876478381017
29729,4103.50419073474
29730,1887.5268620420338
29731,2339.292083477615
29732,2043.9483758083181
29733,2216.8859448233957
29734,3076.122156475165
29735,3412.512746099754
29736,2929.1463362171917
29737,2447.3292466083667
29738,2064.8341430616997
29739,3454.634763187677
29740,3059.4756112224954
29741,4027.093612669856
29742,3526.5414517941554
29743,3114.501124027217
29744,2424.3975294836064
29745,2611.6253411993994
29746,2900.703834820769
29747,3077.0099772485105
29748,2593.8408023627317
29749,3427.588568707603
29750,2809.4234653969097
29751,2244.202913614399
29752,2421.0817863617667
29753,3258.584228843223
29754,2502.523028841443
29755,2642.415182661024
29756,1907.1390950437124
29757,2153.7495750817243
29758,2516.5307757086694
29759,2520.9845457706997
29760,2159.724705489151
29761,2145.0677762372065
29762,2370.9696582090123
29763,2291.3836657873535
29764,2594.6311451299753
29765,2558.7036122046084
29766,3106.8680456359425
29767,2777.225469786653
29768,2088.9961964859785
29769,3348.3929916190195
29770,2363.2648741048697
29771,2475.1049541433667
29772,3574.5870036598294
29773,2302.0933936777205
29774,2307.0910851368326
29775,2058.2933438228483
29776,2665.045692459
29777,3925.7494797115924
29778,1975.5326981620797
29779,2000.4943534810982
29780,1828.810876655032
29781,2095.8860022308927
29782,2372.7163121842937
29783,2269.2983701037533
29784,2177.4459216609266
29785,3373.8210116371565
29786,1995.245218926085
29787,3027.8786866272817
29788,2079.4148889202056
29789,2654.3152404400344
29790,2504.1020080250305
29791,2498.366191303849
29792,2604.1539296961396
29793,2189.8551169949933
29794,2477.2137391707356
29795,2355.5324836345294
29796,2281.1831808323086
29797,2009.8423856860104
29798,2509.207694307968
29799,2100.856469418619
29800,3219.2735415242923
29801,2137.0734183061722
29802,3344.2819561511133
29803,1936.8833444064358
29804,2481.7864046034147
29805,2322.649214662196
29806,3393.5575420224623
29807,1830.1804840237587
29808,3110.590616192194
29809,2415.56087478234
29810,1881.5356823551815
29811,2380.106167156411
29812,2198.272568190001
29813,2433.551292949434
29814,2030.4147461870123
29815,2519.4318774251406
29816,2566.4253773721766
29817,2574.198112814851
29818,2929.6561399523266
29819,2172.1889552305483
29820,2735.0652118389617
29821,2139.764855156181
29822,2411.4001528873864
29823,2139.402776406061
29824,2887.8618958437664
29825,2157.651979824781
29826,2439.3201184518202
29827,1960.1207568650225
29828,2619.0883154371913
29829,2184.147061365955
29830,2192.1961803160575
29831,2166.7679388453407
29832,2890.25438267455
29833,2157.619411847226
29834,1952.8559577460173
29835,2467.2350383600524
29836,3466.0599818222468
29837,2008.8288095294329
29838,3166.2958447085575
29839,3288.1394698318695
29840,2591.201925078192
29841,2696.509757684303
29842,2115.563250056928
29843,3988.3058229548305
29844,2314.422033900046
29845,2575.202534262713
29846,1896.6542598554895
29847,2061.6579178035336
29848,1924.568700364031
29849,2823.843947808167
29850,2015.9309212661287
29851,2414.9957348784083
29852,2536.6882017972416
29853,2645.20508040439
29854,2517.6745585409417
29855,2693.4254093792033
29856,2447.171257860109
29857,3014.000044173325
29858,2395.4480353651797
29859,2135.6341011063964
29860,2728.2531343500664
29861,2240.3487213894205
29862,1942.9449040479908
29863,1968.896726519489
29864,2790.8566461597075
29865,2679.8126927260573
29866,2165.846782082491
29867,3018.532589058056
29868,2910.468572004059
29869,2754.4967410578356
29870,1803.875424274922
29871,2262.640356246372
29872,3915.933073542955
29873,2416.938953191632
29874,1581.3892120647538
29875,2012.3642595036683
29876,3058.23511276336
29877,3221.0972669684807
29878,2063.2181059828054
29879,3297.667707444333
29880,2331.2706546580926
29881,2015.1354211141781
29882,2430.397164684285
29883,3147.986978753109
29884,2627.8471949200184
29885,2312.3351369720835
29886,2420.348216475948
29887,2323.3193602126917
29888,2333.7481245336157
29889,2250.8272558677845
29890,3065.6023800669227
29891,3101.7750862407956
29892,3162.217193836189
29893,3446.379185892991
29894,2272.8842721333076
29895,2436.866928811851
29896,3768.1938138784944
29897,2053.1607916897474
29898,2314.191145034064
29899,3894.138817670961
29900,2989.096018873243
29901,2213.863311670497
29902,2111.1836969454857
29903,3794.643525907803
29904,2976.8027672062594
29905,2686.9467281497
29906,3243.660693107944
29907,3317.2806489787
29908,1972.1757603496828
29909,2957.2041069790857
29910,2171.1148375793136
29911,1975.2863832617215
29912,2063.7541114487685
29913,1955.9263553234407
29914,2183.943533100537
29915,2923.7239418734825
29916,2657.1119816694
29917,2855.4029824553363
29918,2213.217003435331
29919,2095.529825530445
29920,2579.069138988876
29921,2428.695778917061
29922,2501.2771811405423
29923,2053.4487692363764
29924,2732.8663176971263
29925,2475.413229949163
29926,2856.538052798295
29927,2588.6906665761107
29928,2162.849349692356
29929,2635.348696430069
29930,3234.091983575362
29931,2172.3157103803073
29932,3014.1841346408337
29933,1970.3264463447708
29934,2465.221844953047
29935,2048.464720685231
29936,1834.815124795656
29937,2037.8737455930152
29938,3238.6464959901546
29939,3009.668271603643
29940,2168.6933119914966
29941,3831.1919362062363
29942,2029.1592577061383
29943,3092.710062923682
29944,2541.6685911003137
29945,2218.9507852995644
29946,2876.1415451551206
29947,2540.022775375449
29948,2410.752887810402
29949,2555.188344205529
29950,2934.2566407951244
29951,2878.029719400791
29952,3101.407625880339
29953,2585.453090462358
29954,3543.1064982863763
29955,2515.017122578472
29956,2296.1942659458964
29957,3662.4764950701756
29958,3476.6624086664533
29959,2402.840329497476
29960,2538.864092219706
29961,2292.8766150649503
29962,3316.997594238587
29963,2205.860804381773
29964,2306.703825779981
29965,2520.015477112162
29966,2400.732131808527
29967,2261.622780296352
29968,4469.168351582706
29969,3310.1367372793825
29970,2201.6625219957496
29971,2794.567194096136
29972,1944.510222286004
29973,3295.9074013256486
29974,2194.6388801919265
29975,2113.170826464315
29976,1955.6785247667726
29977,2033.7162092026854
29978,2197.3767732476163
29979,2150.7607303951304
29980,1924.2390133247682
29981,2386.8865092101523
29982,3894.6477401474153
29983,2511.4685386287724
29984,2437.1143628317527
29985,2743.76999771428
29986,2426.372716806123
29987,2103.9714703609898
29988,2380.178574945946
29989,3509.359618850718
29990,2708.5866084272216
29991,1429.3195602703145
29992,3086.6400463578148
29993,3585.8853184777045
29994,2692.5580174058787
29995,2832.8008401596267
29996,2816.0620900265303
29997,2718.390477609064
29998,3335.8150513761852
29999,3518.3722392685377
